0 0
1000 1000 1000 1000
630
20.0 -0.0 19.999000008333304 -0.1999966666833333 true
19.999000008333304 -0.1999966666833333 19.996000133331556 -0.3999733338666616 true
19.996000133331556 -0.3999733338666616 19.99100067497975 -0.5999100040499132 true
19.99100067497975 -0.5999100040499132 19.98400213321956 -0.7997866837326832 true
19.98400213321956 -0.7997866837326832 19.975005207899326 -0.9995833854135666 true
19.975005207899326 -0.9995833854135666 19.964010798704084 -1.199280129588892 true
19.964010798704084 -1.199280129588892 19.95102000506559 -1.3988569467506553 true
19.95102000506559 -1.3988569467506553 19.936034126052387 -1.598293879383454 true
19.936034126052387 -1.598293879383454 19.919054660239887 -1.7975709839602207 true
19.919054660239887 -1.7975709839602207 19.900083305560518 -1.9966683329365629 true
19.900083305560518 -1.9966683329365629 19.879121959133936 -2.195566016743496 true
19.879121959133936 -2.195566016743496 19.856172717077325 -2.394244145778387 true
19.856172717077325 -2.394244145778387 19.831237874295763 -2.5926828523938967 true
19.831237874295763 -2.5926828523938967 19.804319924252745 -2.7908622928847295 true
19.804319924252745 -2.7908622928847295 19.775421558720844 -2.988762649471984 true
19.775421558720844 -2.988762649471984 19.74454566751254 -3.1863641322849197 true
19.74454566751254 -3.1863641322849197 19.711695338191216 -3.3836469813399206 true
19.711695338191216 -3.3836469813399206 19.67687385576243 -3.5805914685164844 true
19.67687385576243 -3.5805914685164844 19.640084702345405 -3.7771778995300123 true
19.640084702345405 -3.7771778995300123 19.60133155682483 -3.9733866159012248 true
19.60133155682483 -3.9733866159012248 19.560618294482964 -4.1691979969219926 true
19.560618294482964 -4.1691979969219926 19.51794898661211 -4.364592461617388 true
19.51794898661211 -4.364592461617388 19.473327900107495 -4.559550470703769 true
19.473327900107495 -4.559550470703769 19.426759497040592 -4.754052528542693 true
19.426759497040592 -4.754052528542693 19.378248434212896 -4.94807918509046 true
19.378248434212896 -4.94807918509046 19.327799562690263 -5.141611037843104 true
19.327799562690263 -5.141611037843104 19.27541792731781 -5.334628733776624 true
19.27541792731781 -5.334628733776624 19.22110876621542 -5.527112971282277 true
19.22110876621542 -5.527112971282277 19.164877510253945 -5.719044502096713 true
19.164877510253945 -5.719044502096713 19.10672978251212 -5.910404133226793 true
19.10672978251212 -5.910404133226793 19.046671397714267 -6.101172728868872 true
19.046671397714267 -6.101172728868872 18.984708361648817 -6.2913312123223575 true
18.984708361648817 -6.2913312123223575 18.920846870567736 -6.48086056789737 true
18.920846870567736 -6.48086056789737 18.855093310566925 -6.66974184281629 true
18.855093310566925 -6.66974184281629 18.787454256947576 -6.857956149109031 true
18.787454256947576 -6.857956149109031 18.717936473558694 -7.045484665501802 true
18.717936473558694 -7.045484665501802 18.646546912120687 -7.232308639299243 true
18.646546912120687 -7.232308639299243 18.573292711530204 -7.418409388259657 true
18.573292711530204 -7.418409388259657 18.49818119714626 -7.603768302463232 true
18.49818119714626 -7.603768302463232 18.4212198800577 -7.788366846173014 true
18.4212198800577 -7.788366846173014 18.3424164563321 -7.972186559688462 true
18.3424164563321 -7.972186559688462 18.261778806246163 -8.155209061191407 true
18.261778806246163 -8.155209061191407 18.1793149934977 -8.33741604858422 true
18.1793149934977 -8.33741604858422 18.095033264399266 -8.518789301319995 true
18.095033264399266 -8.518789301319995 18.008942047053537 -8.699310682224608 true
18.008942047053537 -8.699310682224608 17.921049950510504 -8.8789621393104 true
17.921049950510504 -8.8789621393104 17.831365763906575 -9.057725707581369 true
17.831365763906575 -9.057725707581369 17.73989845558568 -9.235583510829663 true
17.73989845558568 -9.235583510829663 17.646657172202428 -9.412517763423164 true
17.646657172202428 -9.412517763423164 17.55165123780745 -9.588510772084064 true
17.55165123780745 -9.588510772084064 17.454890152915024 -9.763544937658153 true
17.454890152915024 -9.763544937658153 17.356383593552994 -9.937602756874739 true
17.356383593552994 -9.937602756874739 17.256141410295218 -10.110666824096944 true
17.256141410295218 -10.110666824096944 17.15417362727648 -10.282719833062266 true
17.15417362727648 -10.282719833062266 17.05049044119011 -10.45374457861319 true
17.05049044119011 -10.45374457861319 16.94510222026832 -10.623723958417672 true
16.94510222026832 -10.623723958417672 16.83801950324537 -10.79264097467939 true
16.83801950324537 -10.79264097467939 16.729252998303735 -10.960478735837476 true
16.729252998303735 -10.960478735837476 16.618813582003266 -11.12722045825568 true
16.618813582003266 -11.12722045825568 16.506712298193563 -11.292849467900712 true
16.506712298193563 -11.292849467900712 16.392960356909587 -11.457349202009631 true
16.392960356909587 -11.457349202009631 16.277569133250676 -11.620703210746106 true
16.277569133250676 -11.620703210746106 16.160550166243034 -11.782895158845397 true
16.160550166243034 -11.782895158845397 16.04191515768585 -11.943908827247846 true
16.04191515768585 -11.943908827247846 15.921675970981113 -12.103728114720798 true
15.921675970981113 -12.103728114720798 15.799844629947298 -12.262337039468683 true
15.799844629947298 -12.262337039468683 15.67643331761698 -12.4197197407312 true
15.67643331761698 -12.4197197407312 15.551454375018555 -12.575860480369377 true
15.551454375018555 -12.575860480369377 15.424920299942126 -12.730743644439364 true
15.424920299942126 -12.730743644439364 15.296843745689763 -12.884353744753827 true
15.296843745689763 -12.884353744753827 15.167237519810158 -13.03667542043074 true
15.167237519810158 -13.03667542043074 15.036114582817895 -13.187693439429468 true
15.036114582817895 -13.187693439429468 14.903488046897401 -13.337392700073964 true
14.903488046897401 -13.337392700073964 14.769371174591752 -13.485758232562908 true
14.769371174591752 -13.485758232562908 14.633777377476411 -13.63277520046669 true
14.633777377476411 -13.63277520046669 14.496720214818097 -13.778428902211033 true
14.496720214818097 -13.778428902211033 14.358213392218861 -13.92270477254714 true
14.358213392218861 -13.92270477254714 14.218270760245542 -14.06558838400821 true
14.218270760245542 -14.06558838400821 14.076906313044715 -14.207065448352163 true
14.076906313044715 -14.207065448352163 13.9341341869433 -14.347121817990462 true
13.9341341869433 -14.347121817990462 13.789968659034933 -14.485743487402857 true
13.789968659034933 -14.485743487402857 13.644424145752263 -14.622916594537925 true
13.644424145752263 -14.622916594537925 13.497515201425333 -14.758627422199261 true
13.497515201425333 -14.758627422199261 13.349256516826156 -14.892862399417194 true
13.349256516826156 -14.892862399417194 13.199662917699635 -15.025608102805862 true
13.199662917699635 -15.025608102805862 13.04874936328103 -15.156851257905545 true
13.04874936328103 -15.156851257905545 12.896530944800016 -15.286578740510109 true
12.896530944800016 -15.286578740510109 12.743022883971594 -15.414777577979393 true
12.743022883971594 -15.414777577979393 12.588240531473929 -15.541434950536484 true
12.588240531473929 -15.541434950536484 12.43219936541328 -15.666538192549675 true
12.43219936541328 -15.666538192549675 12.274914989776223 -15.790074793799016 true
12.274914989776223 -15.790074793799016 12.116403132869246 -15.912032400727327 true
12.116403132869246 -15.912032400727327 11.956679645745956 -16.03239881767555 true
11.956679645745956 -16.03239881767555 11.795760500621954 -16.151162008102293 true
11.795760500621954 -16.151162008102293 11.63366178927766 -16.26831009578748 true
11.63366178927766 -16.26831009578748 11.470399721449123 -16.383831366019972 true
11.470399721449123 -16.383831366019972 11.305990623207077 -16.49771426676901 true
11.305990623207077 -16.49771426676901 11.140450935324335 -16.609947409839418 true
11.140450935324335 -16.609947409839418 10.973797211631739 -16.720519572010417 true
10.973797211631739 -16.720519572010417 10.806046117362785 -16.829419696157938 true
10.806046117362785 -16.829419696157938 10.637214427487098 -16.936636892360312 true
10.637214427487098 -16.936636892360312 10.46731902503298 -17.042160438987267 true
10.46731902503298 -17.042160438987267 10.296376899399096 -17.145979783772074 true
10.296376899399096 -17.145979783772074 10.124405144655555 -17.248084544866774 true
10.124405144655555 -17.248084544866774 9.951420957834527 -17.348464511880344 true
9.951420957834527 -17.348464511880344 9.777441637210538 -17.447109646899733 true
9.777441637210538 -17.447109646899733 9.60248458057067 -17.54401008549364 true
9.60248458057067 -17.54401008549364 9.426567283474787 -17.639156137698958 true
9.426567283474787 -17.639156137698958 9.249707337506004 -17.73253828898975 true
9.249707337506004 -17.73253828898975 9.071922428511535 -17.824147201228712 true
9.071922428511535 -17.824147201228712 8.893230334834124 -17.91397371360096 true
8.893230334834124 -17.91397371360096 8.71364892553423 -18.002008843530106 true
8.71364892553423 -18.002008843530106 8.533196158603133 -18.088243787576527 true
8.533196158603133 -18.088243787576527 8.351890079167148 -18.172669922317674 true
8.351890079167148 -18.172669922317674 8.169748817683132 -18.25527880521043 true
8.169748817683132 -18.25527880521043 7.986790588125449 -18.336062175435345 true
7.986790588125449 -18.336062175435345 7.803033686164589 -18.41501195472272 true
7.803033686164589 -18.41501195472272 7.61849648733762 -18.49212024816041 true
7.61849648733762 -18.49212024816041 7.433197445210643 -18.56737934498334 true
7.433197445210643 -18.56737934498334 7.2471550895334556 -18.64078171934453 true
7.2471550895334556 -18.64078171934453 7.060388024386591 -18.712320031067723 true
7.060388024386591 -18.712320031067723 6.872914926320925 -18.781987126381356 true
6.872914926320925 -18.781987126381356 6.684754542490036 -18.849776038633955 true
6.684754542490036 -18.849776038633955 6.4959256887755075 -18.915679988990785 true
6.4959256887755075 -18.915679988990785 6.306447247905357 -18.97969238711173 true
6.306447247905357 -18.97969238711173 6.116338167565769 -19.041806831810323 true
6.116338167565769 -19.041806831810323 5.925617458506357 -19.10201711169385 true
5.925617458506357 -19.10201711169385 5.734304192639092 -19.160317205784505 true
5.734304192639092 -19.160317205784505 5.542417501131135 -19.21670128412146 true
5.542417501131135 -19.21670128412146 5.34997657249173 -19.271163708343863 true
5.34997657249173 -19.271163708343863 5.157000650653375 -19.323699032254687 true
5.157000650653375 -19.323699032254687 4.9635090330474405 -19.374302002365308 true
4.9635090330474405 -19.374302002365308 4.769521068674446 -19.422967558420897 true
4.769521068674446 -19.422967558420897 4.57505615616917 -19.46969083390639 true
4.57505615616917 -19.46969083390639 4.380133741860813 -19.514467156533186 true
4.380133741860813 -19.514467156533186 4.184773317828368 -19.557292048706326 true
4.184773317828368 -19.557292048706326 3.9889944199514398 -19.598161227972287 true
3.9889944199514398 -19.598161227972287 3.7928166259566676 -19.6370706074472 true
3.7928166259566676 -19.6370706074472 3.5962595534599693 -19.674016296225535 true
3.5962595534599693 -19.674016296225535 3.3993428580047986 -19.708994599769206 true
3.3993428580047986 -19.708994599769206 3.2020862310966036 -19.74200202027701 true
3.2020862310966036 -19.74200202027701 3.004509398233695 -19.7730352570344 true
3.004509398233695 -19.7730352570344 2.8066321169347126 -19.802091206743558 true
2.8066321169347126 -19.802091206743558 2.608474174762889 -19.829166963833732 true
2.608474174762889 -19.829166963833732 2.41005538734731 -19.85425982075177 true
2.41005538734731 -19.85425982075177 2.2113955964013696 -19.8773672682329 true
2.2113955964013696 -19.8773672682329 2.0125146677386123 -19.89848699555162 true
2.0125146677386123 -19.89848699555162 1.8134324892861713 -19.917616890752804 true
1.8134324892861713 -19.917616890752804 1.6141689690959904 -19.93475504086287 true
1.6141689690959904 -19.93475504086287 1.414744033354036 -19.949899732081093 true
1.414744033354036 -19.949899732081093 1.2151776243876957 -19.963049449950965 true
1.2151776243876957 -19.963049449950965 1.0154896986715614 -19.97420287951166 true
1.0154896986715614 -19.97420287951166 0.8157002248317985 -19.98335890542952 true
0.8157002248317985 -19.98335890542952 0.6158291816493002 -19.99051661210958 true
0.6158291816493002 -19.99051661210958 0.4158965560618264 -19.99567528378714 true
0.4158965560618264 -19.99567528378714 0.21592234116532563 -19.998834404599325 true
0.21592234116532563 -19.998834404599325 0.015926534214643063 -19.999993658636694 true
0.015926534214643063 -19.999993658636694 -0.18407086537618894 -19.9991529299748 true
-0.18407086537618894 -19.9991529299748 -0.3840498580338752 -19.996312302685816 true
-0.3840498580338752 -19.996312302685816 -0.5839904460257985 -19.9914720608301 true
-0.5839904460257985 -19.9914720608301 -0.7838726354597764 -19.98463268842781 true
-0.7838726354597764 -19.98463268842781 -0.9836764382834331 -19.97579486941048 true
-0.9836764382834331 -19.97579486941048 -1.1833818742829894 -19.964959487552647 true
-1.1833818742829894 -19.964959487552647 -1.3829689730812655 -19.952127626383472 true
-1.3829689730812655 -19.952127626383472 -1.5824177761347038 -19.937300569078374 true
-1.5824177761347038 -19.937300569078374 -1.7817083387292056 -19.92047979833073 true
-1.7817083387292056 -19.92047979833073 -1.9808207319745867 -19.901666996203602 true
-1.9808207319745867 -19.901666996203602 -2.179735044797449 -19.880864043961516 true
-2.179735044797449 -19.880864043961516 -2.378431385932271 -19.85807302188237 true
-2.378431385932271 -19.85807302188237 -2.5768898859105196 -19.83329620904937 true
-2.5768898859105196 -19.83329620904937 -2.7750906990475777 -19.80653608312316 true
-2.7750906990475777 -19.80653608312316 -2.973014005427299 -19.777795320094025 true
-2.973014005427299 -19.777795320094025 -3.170640012883981 -19.747076794014326 true
-3.170640012883981 -19.747076794014326 -3.3679489589815663 -19.714383576711064 true
-3.3679489589815663 -19.714383576711064 -3.5649211129898677 -19.679718937478732 true
-3.5649211129898677 -19.679718937478732 -3.7615367778576285 -19.643086342752365 true
-3.7615367778576285 -19.643086342752365 -3.9577762921822064 -19.604489455760906 true
-3.9577762921822064 -19.604489455760906 -4.153620032175702 -19.56393213616089 true
-4.153620032175702 -19.56393213616089 -4.349048413627319 -19.52141843965048 true
-4.349048413627319 -19.52141843965048 -4.544041893861768 -19.4769526175639 true
-4.544041893861768 -19.4769526175639 -4.738580973693519 -19.430539116446297 true
-4.738580973693519 -19.430539116446297 -4.932646199376706 -19.38218257760912 true
-4.932646199376706 -19.38218257760912 -5.12621816455048 -19.331887836665945 true
-5.12621816455048 -19.331887836665945 -5.319277512179633 -19.279659923048953 true
-5.319277512179633 -19.279659923048953 -5.511804936490284 -19.22550405950599 true
-5.511804936490284 -19.22550405950599 -5.703781184900443 -19.169425661578277 true
-5.703781184900443 -19.169425661578277 -5.895187059945245 -19.11143033705887 true
-5.895187059945245 -19.11143033705887 -6.086003421196694 -19.051523885431898 true
-6.086003421196694 -19.051523885431898 -6.276211187177675 -18.9897122972926 true
-6.276211187177675 -18.9897122972926 -6.465791337270096 -18.92600175374828 true
-6.465791337270096 -18.92600175374828 -6.654724913616933 -18.8603986258002 true
-6.654724913616933 -18.8603986258002 -6.842993023017993 -18.792909473706487 true
-6.842993023017993 -18.792909473706487 -7.030576838819226 -18.723541046326112 true
-7.030576838819226 -18.723541046326112 -7.217457602795372 -18.652300280444 true
-7.217457602795372 -18.652300280444 -7.403616627025766 -18.579194300077376 true
-7.403616627025766 -18.579194300077376 -7.589035295763118 -18.504230415763352 true
-7.589035295763118 -18.504230415763352 -7.773695067295069 -18.427416123827896 true
-7.773695067295069 -18.427416123827896 -7.957577475798347 -18.348759105636184 true
-7.957577475798347 -18.348759105636184 -8.14066413318534 -18.26826722682449 true
-8.14066413318534 -18.26826722682449 -8.322936730942871 -18.185948536513624 true
-8.322936730942871 -18.185948536513624 -8.504377041963068 -18.101811266504008 true
-8.504377041963068 -18.101811266504008 -8.684966922366025 -18.01586383045254 true
-8.684966922366025 -18.01586383045254 -8.864688313314193 -17.92811482303119 true
-8.864688313314193 -17.92811482303119 -9.043523242818248 -17.83857301906759 true
-9.043523242818248 -17.83857301906759 -9.221453827534262 -17.747247372667506 true
-9.221453827534262 -17.747247372667506 -9.398462274552044 -17.65414701631948 true
-9.398462274552044 -17.65414701631948 -9.574530883174395 -17.559281259981564 true
-9.574530883174395 -17.559281259981564 -9.74964204668718 -17.462659590150334 true
-9.74964204668718 -17.462659590150334 -9.92377825411997 -17.36429166891226 true
-9.92377825411997 -17.36429166891226 -10.096922091997136 -17.26418733297748 true
-10.096922091997136 -17.26418733297748 -10.269056246079176 -17.162356592696188 true
-10.269056246079176 -17.162356592696188 -10.440163503094125 -17.05880963105754 true
-10.440163503094125 -17.05880963105754 -10.610226752458873 -16.95355680267141 true
-10.610226752458873 -16.95355680267141 -10.779228987990201 -16.84660863273293 true
-10.779228987990201 -16.84660863273293 -10.94715330960539 -16.737975815969975 true
-10.94715330960539 -16.737975815969975 -11.113982925012218 -16.627669215573686 true
-11.113982925012218 -16.627669215573686 -11.279701151388164 -16.515699862112186 true
-11.279701151388164 -16.515699862112186 -11.444291417048692 -16.402078952427512 true
-11.444291417048692 -16.402078952427512 -11.607737263104394 -16.286817848515952 true
-11.607737263104394 -16.286817848515952 -11.770022345106867 -16.169928076391837 true
-11.770022345106867 -16.169928076391837 -11.931130434683148 -16.05142132493498 true
-11.931130434683148 -16.05142132493498 -12.091045421158537 -15.931309444721773 true
-12.091045421158537 -15.931309444721773 -12.249751313167646 -15.80960444684014 true
-12.249751313167646 -15.80960444684014 -12.407232240253535 -15.686318501688447 true
-12.407232240253535 -15.686318501688447 -12.56347245445472 -15.561463937758475 true
-12.56347245445472 -15.561463937758475 -12.718456331879986 -15.43505324040257 true
-12.718456331879986 -15.43505324040257 -12.872168374270743 -15.307099050585126 true
-12.872168374270743 -15.307099050585126 -13.024593210550844 -15.177614163618498 true
-13.024593210550844 -15.177614163618498 -13.175715598363682 -15.046611527883478 true
-13.175715598363682 -15.046611527883478 -13.325520425596409 -14.91410424353447 true
-13.325520425596409 -14.91410424353447 -13.47399271189114 -14.78010556118949 true
-13.47399271189114 -14.78010556118949 -13.621117610142973 -14.6446288806051 true
-13.621117610142973 -14.6446288806051 -13.766880407984683 -14.50768774933647 true
-13.766880407984683 -14.50768774933647 -13.911266529257958 -14.369295861382605 true
-13.911266529257958 -14.369295861382605 -14.05426153547099 -14.229467055816976 true
-14.05426153547099 -14.229467055816976 -14.195851127242323 -14.088215315403612 true
-14.195851127242323 -14.088215315403612 -14.336021145730767 -13.945554765198851 true
-14.336021145730767 -13.945554765198851 -14.47475757405128 -13.801499671138826 true
-14.47475757405128 -13.801499671138826 -14.612046538676648 -13.656064438612898 true
-14.612046538676648 -13.656064438612898 -14.747874310824812 -13.509263611023126 true
-14.747874310824812 -13.509263611023126 -14.88222730783175 -13.361111868329932 true
-14.88222730783175 -13.361111868329932 -15.015092094509718 -13.211624025584127 true
-15.015092094509718 -13.211624025584127 -15.146455384490771 -13.060815031445417 true
-15.146455384490771 -13.060815031445417 -15.276304041555377 -12.908699966687536 true
-15.276304041555377 -12.908699966687536 -15.404625080946042 -12.755294042690203 true
-15.404625080946042 -12.755294042690203 -15.531405670665755 -12.600612599917975 true
-15.531405670665755 -12.600612599917975 -15.656633132761197 -12.444671106386231 true
-15.656633132761197 -12.444671106386231 -15.780294944590514 -12.287485156114375 true
-15.780294944590514 -12.287485156114375 -15.902378740075573 -12.129070467566443 true
-15.902378740075573 -12.129070467566443 -16.022872310938563 -11.96944288207928 true
-16.022872310938563 -11.96944288207928 -16.141763607922808 -11.80861836227841 true
-16.141763607922808 -11.80861836227841 -16.259040741997687 -11.646612990481797 true
-16.259040741997687 -11.646612990481797 -16.37469198554752 -11.483442967091612 true
-16.37469198554752 -11.483442967091612 -16.48870577354433 -11.319124608974224 true
-16.48870577354433 -11.319124608974224 -16.601070704704327 -11.15367434782851 true
-16.601070704704327 -11.15367434782851 -16.711775542628036 -10.987108728542712 true
-16.711775542628036 -10.987108728542712 -16.820809216923912 -10.819444407539951 true
-16.820809216923912 -10.819444407539951 -16.92816082431539 -10.65069815111261 true
-16.92816082431539 -10.65069815111261 -17.033819629731195 -10.48088683374571 true
-17.033819629731195 -10.48088683374571 -17.137775067378826 -10.31002743642948 true
-17.137775067378826 -10.31002743642948 -17.240016741801153 -10.138137044961269 true
-17.240016741801153 -10.138137044961269 -17.34053442891593 -9.96523284823698 true
-17.34053442891593 -9.96523284823698 -17.439318077038212 -9.7913321365322 true
-17.439318077038212 -9.7913321365322 -17.53635780788551 -9.616452299773183 true
-17.53635780788551 -9.616452299773183 -17.6316439175656 -9.440610825797872 true
-17.6316439175656 -9.440610825797872 -17.725166877546922 -9.26382529860713 true
-17.725166877546922 -9.26382529860713 -17.816917335611414 -9.08611339660636 true
-17.816917335611414 -9.08611339660636 -17.90688611678972 -8.907492890837661 true
-17.90688611678972 -8.907492890837661 -17.99506422427871 -8.727981643202765 true
-17.99506422427871 -8.727981643202765 -18.081442840341108 -8.547597604676845 true
-18.081442840341108 -8.547597604676845 -18.166013327187287 -8.366358813513429 true
-18.166013327187287 -8.366358813513429 -18.248767227839046 -8.184283393440605 true
-18.248767227839046 -8.184283393440605 -18.329696266975272 -8.001389551848652 true
-18.329696266975272 -8.001389551848652 -18.4087923517595 -7.817695577969314 true
-18.4087923517595 -7.817695577969314 -18.48604757264916 -7.633219841046905 true
-18.48604757264916 -7.633219841046905 -18.561454204186543 -7.447980788501386 true
-18.561454204186543 -7.447980788501386 -18.635004705771333 -7.261996944083648 true
-18.635004705771333 -7.261996944083648 -18.706691722414668 -7.075286906023145 true
-18.706691722414668 -7.075286906023145 -18.776508085474617 -6.887869345168092 true
-18.776508085474617 -6.887869345168092 -18.844446813373057 -6.699763003118394 true
-18.844446813373057 -6.699763003118394 -18.910501112293815 -6.510986690351502 true
-18.910501112293815 -6.510986690351502 -18.97466437686204 -6.3215592843413795 true
-18.97466437686204 -6.3215592843413795 -19.036930190804746 -6.1314997276707714 true
-19.036930190804746 -6.1314997276707714 -19.09729232759243 -5.9408270261369625 true
-19.09729232759243 -5.9408270261369625 -19.15574475106171 -5.74956024685121 true
-19.15574475106171 -5.74956024685121 -19.212281616018952 -5.557718516332059 true
-19.212281616018952 -5.557718516332059 -19.26689726882477 -5.3653210185926925 true
-19.26689726882477 -5.3653210185926925 -19.319586247959407 -5.172386993222551 true
-19.319586247959407 -5.172386993222551 -19.370343284568847 -4.978935733463396 true
-19.370343284568847 -4.978935733463396 -19.419163302991723 -4.784986584279993 true
-19.419163302991723 -4.784986584279993 -19.466041421266887 -4.590558940425638 true
-19.466041421266887 -4.590558940425638 -19.51097295162157 -4.395672244502694 true
-19.51097295162157 -4.395672244502694 -19.553953400940184 -4.200345985018348 true
-19.553953400940184 -4.200345985018348 -19.59497847121361 -4.004599694435776 true
-19.59497847121361 -4.004599694435776 -19.63404405996901 -3.808452947220916 true
-19.63404405996901 -3.808452947220916 -19.67114626068006 -3.611925357885034 true
-19.67114626068006 -3.611925357885034 -19.706281363157608 -3.4150365790232917 true
-19.706281363157608 -3.4150365790232917 -19.73944585392069 -3.217806299349501 true
-19.73944585392069 -3.217806299349501 -19.77063641654786 -3.020254241727272 true
-19.77063641654786 -3.020254241727272 -19.799849932008854 -2.82240016119774 true
-19.799849932008854 -2.82240016119774 -19.827083478976462 -2.6242638430040808 true
-19.827083478976462 -2.6242638430040808 -19.852334334118694 -2.4258651006130005 true
-19.852334334118694 -2.4258651006130005 -19.875599972371067 -2.227223773733406 true
-19.875599972371067 -2.227223773733406 -19.89687806718915 -2.028359726332453 true
-19.89687806718915 -2.028359726332453 -19.916166490781187 -1.8292928446491596 true
-19.916166490781187 -1.8292928446491596 -19.933463314320896 -1.6300430352058073 true
-19.933463314320896 -1.6300430352058073 -19.948766808140338 -1.4306302228172993 true
-19.948766808140338 -1.4306302228172993 -19.962075441902886 -1.2310743485986972 true
-19.962075441902886 -1.2310743485986972 -19.97338788475625 -1.0313953679711272 true
-19.97338788475625 -1.0313953679711272 -19.982703005465574 -0.8316132486662535 true
-19.982703005465574 -0.8316132486662535 -19.990019872526542 -0.6317479687295219 true
-19.990019872526542 -0.6317479687295219 -19.995337754258557 -0.431819514522372 true
-19.995337754258557 -0.431819514522372 -19.99865611887787 -0.23184787872361845 true
-19.99865611887787 -0.23184787872361845 -19.99997463455079 -0.031853058330198414 true
-19.99997463455079 -0.031853058330198414 -19.999293169426842 0.1681449473425105 true
-19.999293169426842 0.1681449473425105 -19.996611791651976 0.3681261386606055 true
-19.996611791651976 0.3681261386606055 -19.99193076936173 0.5680705176716052 true
-19.99193076936173 0.5680705176716052 -19.985250570654436 0.7679580901042283 true
-19.985250570654436 0.7679580901042283 -19.976571863544397 0.967768867367804 true
-19.976571863544397 0.967768867367804 -19.965895515895088 1.167482868551114 true
-19.965895515895088 1.167482868551114 -19.953222595332385 1.367080122420468 true
-19.953222595332385 1.367080122420468 -19.938554369137776 1.5665406694168102 true
-19.938554369137776 1.5665406694168102 -19.921892304121663 1.7658445636516564 true
-19.921892304121663 1.7658445636516564 -19.903238066476657 1.9649718749016698 true
-19.903238066476657 1.9649718749016698 -19.88259352161098 2.163902690601664 true
-19.88259352161098 2.163902690601664 -19.859960733961913 2.3626171178358444 true
-19.859960733961913 2.3626171178358444 -19.835341966789365 2.5610952853270823 true
-19.835341966789365 2.5610952853270823 -19.808739681949532 2.7593173454240265 true
-19.808739681949532 2.7593173454240265 -19.780156539648736 2.957263476085852 true
-19.780156539648736 2.957263476085852 -19.749595398177384 3.154913882864447 true
-19.749595398177384 3.154913882864447 -19.71705931362415 3.352248800883841 true
-19.71705931362415 3.352248800883841 -19.682551539570387 3.549248496816678 true
-19.682551539570387 3.549248496816678 -19.646075526764733 3.7458932708575317 true
-19.646075526764733 3.7458932708575317 -19.607634922778082 3.942163458692866 true
-19.607634922778082 3.942163458692866 -19.567233571638795 4.138039433467457 true
-19.567233571638795 4.138039433467457 -19.524875513448315 4.333501607747055 true
-19.524875513448315 4.333501607747055 -19.480564983977168 4.528530435477117 true
-19.480564983977168 4.528530435477117 -19.434306414241373 4.723106413937396 true
-19.434306414241373 4.723106413937396 -19.386104430059355 4.91721008569219 true
-19.386104430059355 4.91721008569219 -19.335963851589366 5.110822040536075 true
-19.335963851589366 5.110822040536075 -19.283889692847467 5.303922917434911 true
-19.283889692847467 5.303922917434911 -19.229887161206136 5.4964934064619255 true
-19.229887161206136 5.4964934064619255 -19.173961656873537 5.688514250728689 true
-19.173961656873537 5.688514250728689 -19.116118772353502 5.879966248310792 true
-19.116118772353502 5.879966248310792 -19.056364291886275 6.070830254168019 true
-19.056364291886275 6.070830254168019 -18.99470419087011 6.261087182058839 true
-18.99470419087011 6.261087182058839 -18.931144635263728 6.450718006449008 true
-18.931144635263728 6.450718006449008 -18.865691980969718 6.639703764414112 true
-18.865691980969718 6.639703764414112 -18.798352773198967 6.828025557535843 true
-18.798352773198967 6.828025557535843 -18.729133745816142 7.015664553791822 true
-18.729133745816142 7.015664553791822 -18.658041820666295 7.202601989438792 true
-18.658041820666295 7.202601989438792 -18.585084106882693 7.388819170888964 true
-18.585084106882693 7.388819170888964 -18.510267900175926 7.5742974765793765 true
-18.510267900175926 7.5742974765793765 -18.433600682104313 7.759018358834026 true
-18.433600682104313 7.759018358834026 -18.35509011932577 7.942963345718617 true
-18.35509011932577 7.942963345718617 -18.274744062831154 8.126114042887751 true
-18.274744062831154 8.126114042887751 -18.192570547159157 8.308452135424336 true
-18.192570547159157 8.308452135424336 -18.108577789592868 8.489959389671064 true
-18.108577789592868 8.489959389671064 -18.02277418933805 8.67061765505377 true
-18.02277418933805 8.67061765505377 -17.935168326683232 8.85040886589646 true
-17.935168326683232 8.85040886589646 -17.845768962141662 9.029315043227877 true
-17.845768962141662 9.029315043227877 -17.754585035575307 9.207318296579373 true
-17.754585035575307 9.207318296579373 -17.661625665300832 9.384400825773954 true
-17.661625665300832 9.384400825773954 -17.5669001471778 9.560544922706264 true
-17.5669001471778 9.560544922706264 -17.47041795367909 9.735732973113398 true
-17.47041795367909 9.735732973113398 -17.372188732943638 9.909947458336305 true
-17.372188732943638 9.909947458336305 -17.272222307811667 10.083170957071639 true
-17.272222307811667 10.083170957071639 -17.170528674842387 10.255386147113882 true
-17.170528674842387 10.255386147113882 -17.06711800331435 10.42657580708754 true
-17.06711800331435 10.42657580708754 -16.962000634208533 10.596722818169273 true
-16.962000634208533 10.596722818169273 -16.855187079174247 10.76581016579976 true
-16.855187079174247 10.76581016579976 -16.74668801947799 10.933820941385148 true
-16.74668801947799 10.933820941385148 -16.636514304935307 11.100738343987885 true
-16.636514304935307 11.100738343987885 -16.524676952825846 11.266545682006807 true
-16.524676952825846 11.266545682006807 -16.411187146791626 11.431226374846286 true
-16.411187146791626 11.431226374846286 -16.296056235718666 11.594763954574269 true
-16.296056235718666 11.594763954574269 -16.17929573260214 11.757142067569067 true
-16.17929573260214 11.757142067569067 -16.060917313395052 11.918344476154692 true
-16.060917313395052 11.918344476154692 -15.940932815840679 12.078355060224624 true
-15.940932815840679 12.078355060224624 -15.819354238288788 12.237157818853797 true
-15.819354238288788 12.237157818853797 -15.696193738495818 12.39473687189868 true
-15.696193738495818 12.39473687189868 -15.57146363240912 12.551076461585286 true
-15.57146363240912 12.551076461585286 -15.445176392935354 12.70616095408493 true
-15.445176392935354 12.70616095408493 -15.317344648693235 12.859974841077598 true
-15.317344648693235 12.859974841077598 -15.187981182750654 13.012502741302768 true
-15.187981182750654 13.012502741302768 -15.05709893134641 13.163729402097523 true
-15.05709893134641 13.163729402097523 -14.924710982596572 13.313639700921806 true
-14.924710982596572 13.313639700921806 -14.790830575185689 13.46221864687066 true
-14.790830575185689 13.46221864687066 -14.655471097042943 13.609451382173308 true
-14.655471097042943 13.609451382173308 -14.518646084003342 13.755323183678907 true
-14.518646084003342 13.755323183678907 -14.380369218454172 13.899819464328871 true
-14.380369218454172 13.899819464328871 -14.240654327966757 14.042925774615547 true
-14.240654327966757 14.042925774615547 -14.09951538391372 14.184627804027159 true
-14.09951538391372 14.184627804027159 -13.956966500071848 14.324911382478852 true
-13.956966500071848 14.324911382478852 -13.813021931210736 14.463762481729685 true
-13.813021931210736 14.463762481729685 -13.667696071667315 14.60116721678544 true
-13.667696071667315 14.60116721678544 -13.521003453906438 14.737111847287114 true
-13.521003453906438 14.737111847287114 -13.372958747067633 14.871582778884946 true
-13.372958747067633 14.871582778884946 -13.223576755498218 15.004566564597834 true
-13.223576755498218 15.004566564597834 -13.072872417272862 15.136049906158025 true
-13.072872417272862 15.136049906158025 -12.9208608026998 15.266019655340939 true
-12.9208608026998 15.266019655340939 -12.767557112813819 15.394462815279955 true
-12.767557112813819 15.394462815279955 -12.612976677856153 15.52136654176612 true
-12.612976677856153 15.52136654176612 -12.457134955741482 15.646718144532535 true
-12.457134955741482 15.646718144532535 -12.300047530512149 15.770505088523386 true
-12.300047530512149 15.770505088523386 -12.141730110779767 15.89271499514743 true
-12.141730110779767 15.89271499514743 -11.982198528154381 16.01333564351584 true
-11.982198528154381 16.01333564351584 -11.821468735661316 16.132354971664306 true
-11.821468735661316 16.132354971664306 -11.659556806145874 16.24976107775919 true
-11.659556806145874 16.24976107775919 -11.49647893066608 16.36554222128772 true
-11.49647893066608 16.36554222128772 -11.332251416873591 16.479686824232022 true
-11.332251416873591 16.479686824232022 -11.166890687382924 16.59218347222693 true
-11.166890687382924 16.59218347222693 -11.000413278129228 16.70302091570139 true
-11.000413278129228 16.70302091570139 -10.832835836714702 16.81218807100342 true
-10.832835836714702 16.81218807100342 -10.66417512074384 16.919674021508456 true
-10.66417512074384 16.919674021508456 -10.494447996147683 17.025468018711024 true
-10.494447996147683 17.025468018711024 -10.323671435497255 17.129559483299563 true
-10.323671435497255 17.129559483299563 -10.151862516306311 17.23193800621436 true
-10.151862516306311 17.23193800621436 -9.979038419323592 17.332593349688434 true
-9.979038419323592 17.332593349688434 -9.805216426814777 17.43151544827132 true
-9.805216426814777 17.43151544827132 -9.63041392083427 17.52869440983559 true
-9.63041392083427 17.52869440983559 -9.454648381486997 17.624120516566077 true
-9.454648381486997 17.624120516566077 -9.277937385180422 17.717784225931624 true
-9.277937385180422 17.717784225931624 -9.100298602866916 17.80967617163935 true
-9.100298602866916 17.80967617163935 -8.921749798276682 17.899787164571258 true
-8.921749798276682 17.899787164571258 -8.742308826141388 17.988108193703148 true
-8.742308826141388 17.988108193703148 -8.561993630408711 18.07463042700571 true
-8.561993630408711 18.07463042700571 -8.380822242447966 18.159345212327715 true
-8.380822242447966 18.159345212327715 -8.19881277924697 18.24224407826122 true
-8.19881277924697 18.24224407826122 -8.015983441600373 18.32331873498872 true
-8.015983441600373 18.32331873498872 -7.832352512289576 18.402561075112104 true
-7.832352512289576 18.402561075112104 -7.647938354254492 18.479963174463393 true
-7.647938354254492 18.479963174463393 -7.4627594087572415 18.555517292897154 true
-7.4627594087572415 18.555517292897154 -7.276834193538062 18.629215875064503 true
-7.276834193538062 18.629215875064503 -7.090181300963536 18.701051551168643 true
-7.090181300963536 18.701051551168643 -6.902819396167379 18.77101713770182 true
-6.902819396167379 18.77101713770182 -6.714767215183936 18.83910563816369 true
-6.714767215183936 18.83910563816369 -6.526043563074594 18.905310243760947 true
-6.526043563074594 18.905310243760947 -6.336667312047297 18.969624334088202 true
-6.336667312047297 18.969624334088202 -6.146657399569333 19.032041477790017 true
-6.146657399569333 19.032041477790017 -5.956032826473611 19.09255543320403 true
-5.956032826473611 19.09255543320403 -5.764812655058584 19.151160148985134 true
-5.764812655058584 19.151160148985134 -5.573016007182047 19.207849764710588 true
-5.573016007182047 19.207849764710588 -5.380662062348956 19.26261861146606 true
-5.380662062348956 19.26261861146606 -5.1877700557935 19.315461212412515 true
-5.1877700557935 19.315461212412515 -4.994359276555593 19.36637228333389 true
-4.994359276555593 19.36637228333389 -4.800449065551982 19.41534673316552 true
-4.800449065551982 19.41534673316552 -4.606058813642176 19.46237966450324 true
-4.606058813642176 19.46237966450324 -4.411207959689376 19.507466374093102 true
-4.411207959689376 19.507466374093102 -4.215915988616602 19.550602353301723 true
-4.215915988616602 19.550602353301723 -4.020202429458217 19.59178328856713 true
-4.020202429458217 19.59178328856713 -3.824086853407044 19.631005061830113 true
-3.824086853407044 19.631005061830113 -3.6275888718572586 19.668263750946025 true
-3.6275888718572586 19.668263750946025 -3.4307281344432683 19.70355563007701 true
-3.4307281344432683 19.70355563007701 -3.2335243270747642 19.736877170064563 true
-3.2335243270747642 19.736877170064563 -3.035997169968147 19.76822503878245 true
-3.035997169968147 19.76822503878245 -2.838166415674523 19.797596101469928 true
-2.838166415674523 19.797596101469928 -2.640051847104462 19.824987421045197 true
-2.640051847104462 19.824987421045197 -2.441673275549726 19.850396258399133 true
-2.441673275549726 19.850396258399133 -2.2430505387021564 19.87382007266917 true
-2.2430505387021564 19.87382007266917 -2.044203498669919 19.8952565214934 true
-2.044203498669919 19.8952565214934 -1.8451520399913122 19.914703461244805 true
-1.8451520399913122 19.914703461244805 -1.6459160676463274 19.93215894724562 true
-1.6459160676463274 19.93215894724562 -1.4465155050661704 19.947621233961787 true
-1.4465155050661704 19.947621233961787 -1.2469702921409322 19.96108877517752 true
-1.2469702921409322 19.96108877517752 -1.0473003832256185 19.97256022414992 true
-1.0473003832256185 19.97256022414992 -0.8475257451447296 19.98203443374365 true
-0.8475257451447296 19.98203443374365 -0.6476663551955953 19.989510456545645 true
-0.6476663551955953 19.989510456545645 -0.44774219915066166 19.994987544959855 true
-0.44774219915066166 19.994987544959855 -0.2477732692589302 19.998465151282005 true
-0.2477732692589302 19.998465151282005 -0.04777956224674987 19.999942927754358 true
-0.04777956224674987 19.999942927754358 0.15221892268183898 19.999420726600498 true
0.15221892268183898 19.999420726600498 0.35220218584500834 19.996898600040108 true
0.35220218584500834 19.996898600040108 0.552150229083094 19.99237680028374 true
0.552150229083094 19.99237680028374 0.752043057758395 19.985855779507602 true
0.752043057758395 19.985855779507602 0.9518606827546207 19.977336189808337 true
0.9518606827546207 19.977336189808337 1.1515831224757855 19.96681888313782 true
1.1515831224757855 19.96681888313782 1.3511904048443522 19.954304911217942 true
1.3511904048443522 19.954304911217942 1.5506625692984224 19.93979552543548 true
1.5506625692984224 19.93979552543548 1.7499796687877778 19.923292176716917 true
1.7499796687877778 19.923292176716917 1.9491217717685654 19.904796515383364 true
1.9491217717685654 19.904796515383364 2.1480689641964394 19.884310390985554 true
2.1480689641964394 19.884310390985554 2.3468013515179447 19.861835852118844 true
2.3468013515179447 19.861835852118844 2.54529906065996 19.837375146218402 true
2.54529906065996 19.837375146218402 2.743542242016985 19.810930719334426 true
2.743542242016985 19.810930719334426 2.941511071436085 19.78250521588757 true
2.941511071436085 19.78250521588757 3.1391857521992925 19.752101478404494 true
3.1391857521992925 19.752101478404494 3.3365465170032604 19.719722547233605 true
3.3365465170032604 19.719722547233605 3.5335736299359737 19.68537166024104 true
3.5335736299359737 19.68537166024104 3.730247388450328 19.649052252486875 true
3.730247388450328 19.649052252486875 3.9265481253343673 19.610767955881613 true
3.9265481253343673 19.610767955881613 4.122456210677985 19.57052259882302 true
4.122456210677985 19.57052259882302 4.317952053835904 19.528320205813255 true
4.317952053835904 19.528320205813255 4.51301610538672 19.48416499705646 true
4.51301610538672 19.48416499705646 4.707628859087833 19.438061388036704 true
4.707628859087833 19.438061388036704 4.901770853826047 19.39001398907648 true
4.901770853826047 19.39001398907648 5.095422675563674 19.340027604875633 true
5.095422675563674 19.340027604875633 5.288564959279915 19.28810723403094 true
5.288564959279915 19.28810723403094 5.481178390907353 19.23425806853621 true
5.481178390907353 19.23425806853621 5.673243709263333 19.17848549326312 true
5.673243709263333 19.17848549326312 5.864741707976073 19.120795085422728 true
5.864741707976073 19.120795085422728 6.055653237405285 19.06119261400773 true
6.055653237405285 19.06119261400773 6.245959206557118 18.99968403921561 true
6.245959206557118 18.99968403921561 6.4356405849932425 18.936275511852582 true
6.4356405849932425 18.936275511852582 6.624678404733885 18.87097337271855 true
6.624678404733885 18.87097337271855 6.813053762154599 18.803784151973 true
6.813053762154599 18.803784151973 7.000747819876625 18.734714568482026 true
7.000747819876625 18.734714568482026 7.187741808650601 18.663771529146413 true
7.187741808650601 18.663771529146413 7.374017029233475 18.590962128210975 true
7.374017029233475 18.590962128210975 7.55955485425842 18.516293646555134 true
7.55955485425842 18.516293646555134 7.744336730097548 18.43977355096483 true
7.744336730097548 18.43977355096483 7.928344178717258 18.361409493385853 true
7.928344178717258 18.361409493385853 8.111558799526028 18.281209310158665 true
8.111558799526028 18.281209310158665 8.293962271214456 18.19918102123475 true
8.293962271214456 18.19918102123475 8.475536353587374 18.115332829374648 true
8.475536353587374 18.115332829374648 8.656262889387857 18.029673119327665 true
8.656262889387857 18.029673119327665 8.836123806112928 17.94221045699343 true
8.836123806112928 17.94221045699343 9.015101117820802 17.852953588565285 true
9.015101117820802 17.852953588565285 9.193176926929453 17.761911439655698 true
9.193176926929453 17.761911439655698 9.370333426006365 17.66909311440369 true
9.370333426006365 17.66909311440369 9.546552899549262 17.574507894564434 true
9.546552899549262 17.574507894564434 9.721817725757639 17.478165238581095 true
9.721817725757639 17.478165238581095 9.896110378294928 17.38007478063899 true
9.896110378294928 17.38007478063899 10.069413428041118 17.280246329702166 true
10.069413428041118 17.280246329702166 10.241709544835654 17.178689868532533 true
10.241709544835654 17.178689868532533 10.412981499210437 17.07541555269157 true
10.412981499210437 17.07541555269157 10.583212164112751 16.970433709524805 true
10.583212164112751 16.970433709524805 10.752384516617973 16.863754837129072 true
10.752384516617973 16.863754837129072 10.92048163963182 16.755389603302703 true
10.92048163963182 16.755389603302703 11.087486723582076 16.645348844478786 true
11.087486723582076 16.645348844478786 11.253383068099517 16.533643564641494 true
11.253383068099517 16.533643564641494 11.418154083687934 16.42028493422573 true
11.418154083687934 16.42028493422573 11.581783293383081 16.305284289000074 true
11.581783293383081 16.305284289000074 11.744254334400342 16.188653128933204 true
11.744254334400342 16.188653128933204 11.90555095977101 16.07040311704394 true
11.90555095977101 16.07040311704394 12.06565703996696 15.950546078234932 true
12.06565703996696 15.950546078234932 12.224556564513591 15.829093998110178 true
12.224556564513591 15.829093998110178 12.382233643590872 15.706059021776479 true
12.382233643590872 15.706059021776479 12.538672509622284 15.581453452628944 true
12.538672509622284 15.581453452628944 12.693857518851594 15.455289751120645 true
12.693857518851594 15.455289751120645 12.847773152907198 15.3275805335166 true
12.847773152907198 15.3275805335166 13.000404020353955 15.198338570632144 true
13.000404020353955 15.198338570632144 13.15173485823231 15.067576786555865 true
13.15173485823231 15.067576786555865 13.301750533584581 14.935308257357203 true
13.301750533584581 14.935308257357203 13.450436044968253 14.801546209778856 true
13.450436044968253 14.801546209778856 13.597776523956087 14.66630401991411 true
13.597776523956087 14.66630401991411 13.743757236622967 14.52959521186925 true
13.743757236622967 14.52959521186925 13.888363585019277 14.39143345641116 true
13.888363585019277 14.39143345641116 14.031581108630684 14.251832569600252 true
14.031581108630684 14.251832569600252 14.173395485824171 14.110806511408871 true
14.173395485824171 14.110806511408871 14.313792535280204 13.968369384325314 true
14.313792535280204 13.968369384325314 14.452758217410826 13.824535431943595 true
14.452758217410826 13.824535431943595 14.590278635763632 13.679319037539088 true
14.590278635763632 13.679319037539088 14.726340038411387 13.532734722630222 true
14.726340038411387 13.532734722630222 14.86092881932721 13.384797145526337 true
14.86092881932721 13.384797145526337 14.994031519745167 13.235521099861858 true
14.994031519745167 13.235521099861858 15.125634829506133 13.084921513116957 true
15.125634829506133 13.084921513116957 15.255725588388804 12.933013445124807 true
15.255725588388804 12.933013445124807 15.384290787425698 12.779812086565624 true
15.384290787425698 12.779812086565624 15.51131757020405 12.62533275744759 true
15.51131757020405 12.62533275744759 15.636793234151433 12.469590905574886 true
15.636793234151433 12.469590905574886 15.760705231806023 12.312602105002917 true
15.760705231806023 12.312602105002917 15.883041172071309 12.154382054480914 true
15.883041172071309 12.154382054480914 16.00378882145521 11.994946575882084 true
16.00378882145521 11.994946575882084 16.122936105293412 11.83431161262142 true
16.122936105293412 11.83431161262142 16.240471108956818 11.672493228061384 true
16.240471108956818 11.672493228061384 16.35638207904301 11.509507603905591 true
16.35638207904301 11.509507603905591 16.470657424551575 11.345371038580632 true
16.470657424551575 11.345371038580632 16.583285718043182 11.180099945606257 true
16.583285718043182 11.180099945606257 16.694255696782346 11.013710851954041 true
16.694255696782346 11.013710851954041 16.803556263863662 10.846220396394692 true
16.803556263863662 10.846220396394692 16.911176489321512 10.677645327834192 true
16.911176489321512 10.677645327834192 17.01710561122303 10.508002503638917 true
17.01710561122303 10.508002503638917 17.121333036744296 10.337308887949915 true
17.121333036744296 10.337308887949915 17.223848343229623 10.165581549986513 true
17.223848343229623 10.165581549986513 17.324641279233784 9.992837662339403 true
17.324641279233784 9.992837662339403 17.42370176554717 9.819094499253398 true
17.42370176554717 9.819094499253398 17.52101989620371 9.644369434900016 true
17.52101989620371 9.644369434900016 17.61658593947143 9.468679941640094 true
17.61658593947143 9.468679941640094 17.710390338825643 9.292043588276547 true
17.710390338825643 9.292043588276547 17.80242371390458 9.114478038297518 true
17.80242371390458 9.114478038297518 17.892676861447434 8.93600104811003 true
17.892676861447434 8.93600104811003 17.981140756214657 8.756630465264376 true
17.981140756214657 8.756630465264376 18.06780655189049 8.576384226669362 true
18.06780655189049 8.576384226669362 18.152665581967593 8.395280356798644 true
18.152665581967593 8.395280356798644 18.23570936061367 8.21333696588829 true
18.23570936061367 8.21333696588829 18.316929583520054 8.030572248125774 true
18.316929583520054 8.030572248125774 18.396318128732148 7.847004479830564 true
18.396318128732148 7.847004479830564 18.473867057461582 7.66265201762652 true
18.473867057461582 7.66265201762652 18.54956861488011 7.477533296606237 true
18.54956861488011 7.477533296606237 18.623415230895066 7.291666828487548 true
18.623415230895066 7.291666828487548 18.6953995209064 7.1050711997623806 true
18.6953995209064 7.1050711997623806 18.765514286545088 6.91776506983811 true
18.765514286545088 6.91776506983811 18.833752516392998 6.72976716917164 true
18.833752516392998 6.72976716917164 18.90010738668401 6.541096297396374 true
18.90010738668401 6.541096297396374 18.96457226198639 6.351771321442263 true
18.96457226198639 6.351771321442263 19.027140695866333 6.161811173649134 true
19.027140695866333 6.161811173649134 19.08780643153258 5.971234849873466 true
19.08780643153258 5.971234849873466 19.146563402462135 5.780061407588821 true
19.146563402462135 5.780061407588821 19.203405733006853 5.58830996398012 true
19.203405733006853 5.58830996398012 19.25832773898106 5.395999694031931 true
19.25832773898106 5.395999694031931 19.31132392822992 5.20314982861099 true
19.31132392822992 5.20314982861099 19.362389001178673 5.0097796525431315 true
19.362389001178673 5.0097796525431315 19.41151785136258 4.815908502684821 true
19.41151785136258 4.815908502684821 19.45870556593756 4.621555765989487 true
19.45870556593756 4.621555765989487 19.50394742617148 4.426740877568836 true
19.50394742617148 4.426740877568836 19.547238907916018 4.231483318749367 true
19.547238907916018 4.231483318749367 19.588575682059076 4.035802615124248 true
19.588575682059076 4.035802615124248 19.62795361495769 3.839718334600774 true
19.62795361495769 3.839718334600774 19.66536876885138 3.6432500854435945 true
19.66536876885138 3.6432500854435945 19.700817402255936 3.4464175143139024 true
19.700817402255936 3.4464175143139024 19.734295970337563 3.2492403043047835 true
19.734295970337563 3.2492403043047835 19.765801125267345 3.051738172972926 true
19.765801125267345 3.051738172972926 19.79532971655605 2.8539308703668773 true
19.79532971655605 2.8539308703668773 19.82287879136915 2.6558381770520603 true
19.82287879136915 2.6558381770520603 19.84844559482212 2.4574799021327287 true
19.84844559482212 2.4574799021327287 19.87202757025593 2.2588758812710767 true
19.87202757025593 2.2588758812710767 19.89362235949268 2.0600459747036886 true
19.89362235949268 2.0600459747036886 19.913227803071443 1.8610100652555288 true
19.913227803071443 1.8610100652555288 19.930841940464205 1.6617880563516805 true
19.930841940464205 1.6617880563516805 19.946463010271895 1.4623998700270155 true
19.946463010271895 1.4623998700270155 19.96008945040056 1.2628654449340104 true
19.96008945040056 1.2628654449340104 19.971719898217533 1.0632047343488964 true
19.971719898217533 1.0632047343488964 19.98135319068773 0.8634377041763484 true
19.98135319068773 0.8634377041763484 19.98898836448993 0.6635843309529117 true
19.98898836448993 0.6635843309529117 19.994624656113118 0.4636645998493649 true
19.994624656113118 0.4636645998493649 19.998261501932824 0.263698502672219 true
19.998261501932824 0.263698502672219 19.999898538267498 0.06370603586455392 true
19.999898538267498 0.06370603586455392 19.999535601414877 -0.13629280149360945 true
19.999535601414877 -0.13629280149360945 19.99717272766833 -0.3362780096852004 true
0
