0 0
1000 1000 1000 1000
630
10.0 -0.0 9.999500004166652 -0.09999833334166665 true
9.999500004166652 -0.09999833334166665 9.998000066665778 -0.1999866669333308 true
9.998000066665778 -0.1999866669333308 9.995500337489876 -0.2999550020249566 true
9.995500337489876 -0.2999550020249566 9.99200106660978 -0.3998933418663416 true
9.99200106660978 -0.3998933418663416 9.987502603949663 -0.4997916927067833 true
9.987502603949663 -0.4997916927067833 9.982005399352042 -0.599640064794446 true
9.982005399352042 -0.599640064794446 9.975510002532795 -0.6994284733753277 true
9.975510002532795 -0.6994284733753277 9.968017063026194 -0.799146939691727 true
9.968017063026194 -0.799146939691727 9.959527330119943 -0.8987854919801104 true
9.959527330119943 -0.8987854919801104 9.950041652780259 -0.9983341664682814 true
9.950041652780259 -0.9983341664682814 9.939560979566968 -1.097783008371748 true
9.939560979566968 -1.097783008371748 9.928086358538662 -1.1971220728891936 true
9.928086358538662 -1.1971220728891936 9.915618937147881 -1.2963414261969484 true
9.915618937147881 -1.2963414261969484 9.902159962126373 -1.3954311464423648 true
9.902159962126373 -1.3954311464423648 9.887710779360422 -1.494381324735992 true
9.887710779360422 -1.494381324735992 9.87227283375627 -1.5931820661424598 true
9.87227283375627 -1.5931820661424598 9.855847669095608 -1.6918234906699603 true
9.855847669095608 -1.6918234906699603 9.838436927881215 -1.7902957342582422 true
9.838436927881215 -1.7902957342582422 9.820042351172702 -1.8885889497650061 true
9.820042351172702 -1.8885889497650061 9.800665778412416 -1.9866933079506124 true
9.800665778412416 -1.9866933079506124 9.780309147241482 -2.0845989984609963 true
9.780309147241482 -2.0845989984609963 9.758974493306056 -2.182296230808694 true
9.758974493306056 -2.182296230808694 9.736663950053748 -2.2797752353518845 true
9.736663950053748 -2.2797752353518845 9.713379748520296 -2.3770262642713464 true
9.713379748520296 -2.3770262642713464 9.689124217106448 -2.47403959254523 true
9.689124217106448 -2.47403959254523 9.663899781345132 -2.570805518921552 true
9.663899781345132 -2.570805518921552 9.637708963658906 -2.667314366888312 true
9.637708963658906 -2.667314366888312 9.61055438310771 -2.7635564856411383 true
9.61055438310771 -2.7635564856411383 9.582438755126972 -2.8595222510483564 true
9.582438755126972 -2.8595222510483564 9.55336489125606 -2.9552020666133965 true
9.55336489125606 -2.9552020666133965 9.523335698857133 -3.050586364434436 true
9.523335698857133 -3.050586364434436 9.492354180824409 -3.1456656061611787 true
9.492354180824409 -3.1456656061611787 9.460423435283868 -3.240430283948685 true
9.460423435283868 -3.240430283948685 9.427546655283463 -3.334870921408145 true
9.427546655283463 -3.334870921408145 9.393727128473788 -3.4289780745545153 true
9.393727128473788 -3.4289780745545153 9.358968236779347 -3.522742332750901 true
9.358968236779347 -3.522742332750901 9.323273456060344 -3.6161543196496213 true
9.323273456060344 -3.6161543196496213 9.286646355765102 -3.7092046941298285 true
9.286646355765102 -3.7092046941298285 9.24909059857313 -3.801884151231616 true
9.24909059857313 -3.801884151231616 9.21060994002885 -3.894183423086507 true
9.21060994002885 -3.894183423086507 9.17120822816605 -3.986093279844231 true
9.17120822816605 -3.986093279844231 9.130889403123081 -4.077604530595703 true
9.130889403123081 -4.077604530595703 9.08965749674885 -4.16870802429211 true
9.08965749674885 -4.16870802429211 9.047516632199633 -4.259394650659997 true
9.047516632199633 -4.259394650659997 9.004471023526769 -4.349655341112304 true
9.004471023526769 -4.349655341112304 8.960524975255252 -4.4394810696552 true
8.960524975255252 -4.4394810696552 8.915682881953288 -4.5288628537906845 true
8.915682881953288 -4.5288628537906845 8.86994922779284 -4.617791755414832 true
8.86994922779284 -4.617791755414832 8.823328586101214 -4.706258881711582 true
8.823328586101214 -4.706258881711582 8.775825618903726 -4.794255386042032 true
8.775825618903726 -4.794255386042032 8.727445076457512 -4.881772468829077 true
8.727445076457512 -4.881772468829077 8.678191796776497 -4.9688013784373695 true
8.678191796776497 -4.9688013784373695 8.628070705147609 -5.055333412048472 true
8.628070705147609 -5.055333412048472 8.57708681363824 -5.141359916531133 true
8.57708681363824 -5.141359916531133 8.525245220595055 -5.226872289306595 true
8.525245220595055 -5.226872289306595 8.47255111013416 -5.311861979208836 true
8.47255111013416 -5.311861979208836 8.419009751622685 -5.396320487339695 true
8.419009751622685 -5.396320487339695 8.364626499151868 -5.480239367918738 true
8.364626499151868 -5.480239367918738 8.309406791001633 -5.56361022912784 true
8.309406791001633 -5.56361022912784 8.253356149096781 -5.646424733950356 true
8.253356149096781 -5.646424733950356 8.196480178454793 -5.7286746010048155 true
8.196480178454793 -5.7286746010048155 8.138784566625338 -5.810351605373053 true
8.138784566625338 -5.810351605373053 8.080275083121517 -5.891447579422699 true
8.080275083121517 -5.891447579422699 8.020957578842925 -5.971954413623923 true
8.020957578842925 -5.971954413623923 7.960837985490556 -6.051864057360399 true
7.960837985490556 -6.051864057360399 7.899922314973649 -6.1311685197343415 true
7.899922314973649 -6.1311685197343415 7.83821665880849 -6.2098598703656 true
7.83821665880849 -6.2098598703656 7.775727187509277 -6.287930240184688 true
7.775727187509277 -6.287930240184688 7.712460149971063 -6.365371822219682 true
7.712460149971063 -6.365371822219682 7.648421872844882 -6.442176872376914 true
7.648421872844882 -6.442176872376914 7.583618759905079 -6.51833771021537 true
7.583618759905079 -6.51833771021537 7.518057291408947 -6.593846719714734 true
7.518057291408947 -6.593846719714734 7.4517440234487005 -6.668696350036982 true
7.4517440234487005 -6.668696350036982 7.384685587295876 -6.742879116281454 true
7.384685587295876 -6.742879116281454 7.316888688738206 -6.816387600233345 true
7.316888688738206 -6.816387600233345 7.248360107409049 -6.8892144511055164 true
7.248360107409049 -6.8892144511055164 7.1791066961094305 -6.96135238627357 true
7.1791066961094305 -6.96135238627357 7.109135380122771 -7.032794192004105 true
7.109135380122771 -7.032794192004105 7.038453156522357 -7.103532724176081 true
7.038453156522357 -7.103532724176081 6.96706709347165 -7.173560908995231 true
6.96706709347165 -7.173560908995231 6.894984329517467 -7.2428717437014285 true
6.894984329517467 -7.2428717437014285 6.822212072876131 -7.311458297268962 true
6.822212072876131 -7.311458297268962 6.748757600712667 -7.3793137110996305 true
6.748757600712667 -7.3793137110996305 6.674628258413078 -7.446431199708597 true
6.674628258413078 -7.446431199708597 6.599831458849818 -7.512804051402931 true
6.599831458849818 -7.512804051402931 6.524374681640515 -7.578425628952773 true
6.524374681640515 -7.578425628952773 6.448265472400008 -7.643289370255054 true
6.448265472400008 -7.643289370255054 6.371511441985797 -7.707388788989697 true
6.371511441985797 -7.707388788989697 6.294120265736964 -7.770717475268242 true
6.294120265736964 -7.770717475268242 6.21609968270664 -7.8332690962748375 true
6.21609968270664 -7.8332690962748375 6.137457494888111 -7.895037396899508 true
6.137457494888111 -7.895037396899508 6.058201566434623 -7.956016200363663 true
6.058201566434623 -7.956016200363663 5.978339822872978 -8.016199408837775 true
5.978339822872978 -8.016199408837775 5.897880250310977 -8.075581004051147 true
5.897880250310977 -8.075581004051147 5.81683089463883 -8.13415504789374 true
5.81683089463883 -8.13415504789374 5.735199860724562 -8.191915683009986 true
5.735199860724562 -8.191915683009986 5.652995311603538 -8.248857133384504 true
5.652995311603538 -8.248857133384504 5.570225467662167 -8.304973704919709 true
5.570225467662167 -8.304973704919709 5.4868986058158695 -8.360259786005209 true
5.4868986058158695 -8.360259786005209 5.403023058681392 -8.414709848078969 true
5.403023058681392 -8.414709848078969 5.318607213743549 -8.468318446180156 true
5.318607213743549 -8.468318446180156 5.23365951251649 -8.521080219493633 true
5.23365951251649 -8.521080219493633 5.148188449699548 -8.572989891886037 true
5.148188449699548 -8.572989891886037 5.062202572327777 -8.624042272433387 true
5.062202572327777 -8.624042272433387 4.9757104789172635 -8.674232255940172 true
4.9757104789172635 -8.674232255940172 4.888720818605269 -8.723554823449867 true
4.888720818605269 -8.723554823449867 4.801242290285335 -8.77200504274682 true
4.801242290285335 -8.77200504274682 4.713283641737394 -8.819578068849479 true
4.713283641737394 -8.819578068849479 4.624853668753002 -8.866269144494876 true
4.624853668753002 -8.866269144494876 4.535961214255767 -8.912073600614356 true
4.535961214255767 -8.912073600614356 4.446615167417062 -8.95698685680048 true
4.446615167417062 -8.95698685680048 4.356824462767115 -9.001004421765053 true
4.356824462767115 -9.001004421765053 4.266598079301566 -9.044121893788263 true
4.266598079301566 -9.044121893788263 4.175945039583574 -9.086334961158837 true
4.175945039583574 -9.086334961158837 4.084874408841566 -9.127639402605215 true
4.084874408841566 -9.127639402605215 3.9933952940627244 -9.168031087717672 true
3.9933952940627244 -9.168031087717672 3.9015168430822946 -9.20750597736136 true
3.9015168430822946 -9.20750597736136 3.80924824366881 -9.246060124080206 true
3.80924824366881 -9.246060124080206 3.7165987226053216 -9.28368967249167 true
3.7165987226053216 -9.28368967249167 3.6235775447667278 -9.320390859672266 true
3.6235775447667278 -9.320390859672266 3.5301940121932955 -9.356160015533861 true
3.5301940121932955 -9.356160015533861 3.4364574631604623 -9.390993563190678 true
3.4364574631604623 -9.390993563190678 3.342377271245018 -9.424888019316978 true
3.342377271245018 -9.424888019316978 3.2479628443877537 -9.457839994495393 true
3.2479628443877537 -9.457839994495393 3.1532236239526785 -9.489846193555865 true
3.1532236239526785 -9.489846193555865 3.0581690837828845 -9.520903415905162 true
3.0581690837828845 -9.520903415905162 2.9628087292531786 -9.551008555846925 true
2.9628087292531786 -9.551008555846925 2.867152096319546 -9.580158602892253 true
2.867152096319546 -9.580158602892253 2.7712087505655676 -9.60835064206073 true
2.7712087505655676 -9.60835064206073 2.674988286245865 -9.635581854171932 true
2.674988286245865 -9.635581854171932 2.5785003253266874 -9.661849516127344 true
2.5785003253266874 -9.661849516127344 2.4817545165237203 -9.687151001182654 true
2.4817545165237203 -9.687151001182654 2.384760534337223 -9.711483779210448 true
2.384760534337223 -9.711483779210448 2.287528078084585 -9.734845416953195 true
2.287528078084585 -9.734845416953195 2.1900668709304063 -9.757233578266593 true
2.1900668709304063 -9.757233578266593 2.092386658914184 -9.778646024353163 true
2.092386658914184 -9.778646024353163 1.9944972099757199 -9.799080613986144 true
1.9944972099757199 -9.799080613986144 1.8964083129783338 -9.8185353037236 true
1.8964083129783338 -9.8185353037236 1.7981297767299846 -9.837008148112767 true
1.7981297767299846 -9.837008148112767 1.6996714290023993 -9.854497299884603 true
1.6996714290023993 -9.854497299884603 1.6010431155483018 -9.871001010138505 true
1.6010431155483018 -9.871001010138505 1.5022546991168475 -9.8865176285172 true
1.5022546991168475 -9.8865176285172 1.4033160584673563 -9.901045603371779 true
1.4033160584673563 -9.901045603371779 1.3042370873814444 -9.914583481916866 true
1.3042370873814444 -9.914583481916866 1.205027693673655 -9.927129910375886 true
1.205027693673655 -9.927129910375886 1.1056977982006848 -9.93868363411645 true
1.1056977982006848 -9.93868363411645 1.0062573338693062 -9.94924349777581 true
1.0062573338693062 -9.94924349777581 0.9067162446430856 -9.958808445376402 true
0.9067162446430856 -9.958808445376402 0.8070844845479952 -9.967377520431436 true
0.8070844845479952 -9.967377520431436 0.707372016677018 -9.974949866040546 true
0.707372016677018 -9.974949866040546 0.6075888121938479 -9.981524724975483 true
0.6075888121938479 -9.981524724975483 0.5077448493357807 -9.98710143975583 true
0.5077448493357807 -9.98710143975583 0.40785011241589925 -9.99167945271476 true
0.40785011241589925 -9.99167945271476 0.3079145908246501 -9.99525830605479 true
0.3079145908246501 -9.99525830605479 0.2079482780309132 -9.99783764189357 true
0.2079482780309132 -9.99783764189357 0.10796117058266282 -9.999417202299663 true
0.10796117058266282 -9.999417202299663 0.007963267107321531 -9.999996829318347 true
0.007963267107321531 -9.999996829318347 -0.09203543268809447 -9.9995764649874 true
-0.09203543268809447 -9.9995764649874 -0.1920249290169376 -9.998156151342908 true
-0.1920249290169376 -9.998156151342908 -0.29199522301289926 -9.99573603041505 true
-0.29199522301289926 -9.99573603041505 -0.3919363177298882 -9.992316344213904 true
-0.3919363177298882 -9.992316344213904 -0.49183821914171655 -9.98789743470524 true
-0.49183821914171655 -9.98789743470524 -0.5916909371414947 -9.982479743776324 true
-0.5916909371414947 -9.982479743776324 -0.6914844865406328 -9.976063813191736 true
-0.6914844865406328 -9.976063813191736 -0.7912088880673519 -9.968650284539187 true
-0.7912088880673519 -9.968650284539187 -0.8908541693646028 -9.960239899165366 true
-0.8908541693646028 -9.960239899165366 -0.9904103659872934 -9.950833498101801 true
-0.9904103659872934 -9.950833498101801 -1.0898675223987244 -9.940432021980758 true
-1.0898675223987244 -9.940432021980758 -1.1892156929661355 -9.929036510941184 true
-1.1892156929661355 -9.929036510941184 -1.2884449429552598 -9.916648104524684 true
-1.2884449429552598 -9.916648104524684 -1.3875453495237888 -9.90326804156158 true
-1.3875453495237888 -9.90326804156158 -1.4865070027136496 -9.888897660047013 true
-1.4865070027136496 -9.888897660047013 -1.5853200064419906 -9.873538397007163 true
-1.5853200064419906 -9.873538397007163 -1.6839744794907832 -9.857191788355532 true
-1.6839744794907832 -9.857191788355532 -1.7824605564949338 -9.839859468739366 true
-1.7824605564949338 -9.839859468739366 -1.8807683889288143 -9.821543171376183 true
-1.8807683889288143 -9.821543171376183 -1.9788881460911032 -9.802244727880453 true
-1.9788881460911032 -9.802244727880453 -2.076810016087851 -9.781966068080445 true
-2.076810016087851 -9.781966068080445 -2.1745242068136594 -9.76070921982524 true
-2.1745242068136594 -9.76070921982524 -2.272020946930884 -9.73847630878195 true
-2.272020946930884 -9.73847630878195 -2.3692904868467597 -9.715269558223149 true
-2.3692904868467597 -9.715269558223149 -2.466323099688353 -9.69109128880456 true
-2.466323099688353 -9.69109128880456 -2.56310908227524 -9.665943918332973 true
-2.56310908227524 -9.665943918332973 -2.6596387560898167 -9.639829961524477 true
-2.6596387560898167 -9.639829961524477 -2.755902468245142 -9.612752029752995 true
-2.755902468245142 -9.612752029752995 -2.8518905924502214 -9.584712830789138 true
-2.8518905924502214 -9.584712830789138 -2.9475935299726226 -9.555715168529435 true
-2.9475935299726226 -9.555715168529435 -3.043001710598347 -9.525761942715949 true
-3.043001710598347 -9.525761942715949 -3.1381055935888376 -9.4948561486463 true
-3.1381055935888376 -9.4948561486463 -3.232895668635048 -9.46300087687414 true
-3.232895668635048 -9.46300087687414 -3.3273624568084665 -9.4301993129001 true
-3.3273624568084665 -9.4301993129001 -3.4214965115089964 -9.396454736853244 true
-3.4214965115089964 -9.396454736853244 -3.515288419409613 -9.361770523163056 true
-3.515288419409613 -9.361770523163056 -3.608728801397686 -9.326150140222 true
-3.608728801397686 -9.326150140222 -3.701808313512883 -9.289597150038688 true
-3.701808313512883 -9.289597150038688 -3.794517647881559 -9.252115207881676 true
-3.794517647881559 -9.252115207881676 -3.8868475336475345 -9.213708061913948 true
-3.8868475336475345 -9.213708061913948 -3.9787887378991735 -9.174379552818092 true
-3.9787887378991735 -9.174379552818092 -4.07033206659267 -9.134133613412246 true
-4.07033206659267 -9.134133613412246 -4.1614683654714355 -9.092974268256812 true
-4.1614683654714355 -9.092974268256812 -4.252188520981534 -9.050905633252004 true
-4.252188520981534 -9.050905633252004 -4.342483461183012 -9.00793191522627 true
-4.342483461183012 -9.00793191522627 -4.432344156657097 -8.964057411515595 true
-4.432344156657097 -8.964057411515595 -4.521761621409124 -8.919286509533794 true
-4.521761621409124 -8.919286509533794 -4.610726913767131 -8.873623686333753 true
-4.610726913767131 -8.873623686333753 -4.699231137276022 -8.82707350815974 true
-4.699231137276022 -8.82707350815974 -4.787265441587198 -8.779640629990782 true
-4.787265441587198 -8.779640629990782 -4.87482102334359 -8.731329795075167 true
-4.87482102334359 -8.731329795075167 -4.961889127059985 -8.68214583445613 true
-4.961889127059985 -8.68214583445613 -5.048461045998568 -8.63209366648874 true
-5.048461045998568 -8.63209366648874 -5.134528123039588 -8.581178296348094 true
-5.134528123039588 -8.581178296348094 -5.220081751547062 -8.52940481552877 true
-5.220081751547062 -8.52940481552877 -5.3051133762294365 -8.476778401335705 true
-5.3051133762294365 -8.476778401335705 -5.389614493995101 -8.423304316366465 true
-5.389614493995101 -8.423304316366465 -5.473576654802695 -8.368987907984987 true
-5.473576654802695 -8.368987907984987 -5.556991462506109 -8.313834607786843 true
-5.556991462506109 -8.313834607786843 -5.639850575694082 -8.257849931056093 true
-5.639850575694082 -8.257849931056093 -5.722145708524346 -8.201039476213756 true
-5.722145708524346 -8.201039476213756 -5.803868631552197 -8.143408924257976 true
-5.803868631552197 -8.143408924257976 -5.885011172553433 -8.084964038195919 true
-5.885011172553433 -8.084964038195919 -5.965565217341574 -8.02571066246749 true
-5.965565217341574 -8.02571066246749 -6.045522710579268 -7.9656547223608865 true
-6.045522710579268 -7.9656547223608865 -6.124875656583823 -7.90480222342007 true
-6.124875656583823 -7.90480222342007 -6.203616120126767 -7.843159250844224 true
-6.203616120126767 -7.843159250844224 -6.28173622722736 -7.780731968879238 true
-6.28173622722736 -7.780731968879238 -6.359228165939993 -7.717526620201285 true
-6.359228165939993 -7.717526620201285 -6.436084187135371 -7.653549525292563 true
-6.436084187135371 -7.653549525292563 -6.512296605275422 -7.588807081809249 true
-6.512296605275422 -7.588807081809249 -6.587857799181841 -7.523305763941739 true
-6.587857799181841 -7.523305763941739 -6.662760212798204 -7.457052121767235 true
-6.662760212798204 -7.457052121767235 -6.73699635594557 -7.390052780594745 true
-6.73699635594557 -7.390052780594745 -6.810558805071486 -7.32231444030255 true
-6.810558805071486 -7.32231444030255 -6.8834402039923415 -7.253843874668235 true
-6.8834402039923415 -7.253843874668235 -6.955633264628979 -7.184647930691303 true
-6.955633264628979 -7.184647930691303 -7.027130767735495 -7.114733527908488 true
-7.027130767735495 -7.114733527908488 -7.097925563621161 -7.044107657701806 true
-7.097925563621161 -7.044107657701806 -7.168010572865383 -6.972777382599426 true
-7.168010572865383 -6.972777382599426 -7.23737878702564 -6.900749835569413 true
-7.23737878702564 -6.900749835569413 -7.306023269338324 -6.828032219306449 true
-7.306023269338324 -6.828032219306449 -7.373937155412406 -6.754631805511563 true
-7.373937155412406 -6.754631805511563 -7.441113653915875 -6.680555934164966 true
-7.441113653915875 -6.680555934164966 -7.507546047254859 -6.605812012792064 true
-7.507546047254859 -6.605812012792064 -7.573227692245386 -6.530407515722708 true
-7.573227692245386 -6.530407515722708 -7.638152020777689 -6.454349983343768 true
-7.638152020777689 -6.454349983343768 -7.702312540473021 -6.377647021345101 true
-7.702312540473021 -6.377647021345101 -7.765702835332878 -6.300306299958987 true
-7.765702835332878 -6.300306299958987 -7.8283165663805985 -6.2223355531931155 true
-7.8283165663805985 -6.2223355531931155 -7.890147472295257 -6.1437425780571875 true
-7.890147472295257 -6.1437425780571875 -7.9511893700377865 -6.0645352337832215 true
-7.9511893700377865 -6.0645352337832215 -8.011436155469282 -5.98472144103964 true
-8.011436155469282 -5.98472144103964 -8.070881803961404 -5.904309181139205 true
-8.070881803961404 -5.904309181139205 -8.129520370998844 -5.823306495240899 true
-8.129520370998844 -5.823306495240899 -8.18734599277376 -5.741721483545806 true
-8.18734599277376 -5.741721483545806 -8.244352886772164 -5.659562304487112 true
-8.244352886772164 -5.659562304487112 -8.300535352352163 -5.576837173914255 true
-8.300535352352163 -5.576837173914255 -8.355887771314018 -5.493554364271356 true
-8.355887771314018 -5.493554364271356 -8.410404608461956 -5.4097222037699755 true
-8.410404608461956 -5.4097222037699755 -8.464080412157696 -5.325349075556305 true
-8.464080412157696 -5.325349075556305 -8.516909814865597 -5.240443416872855 true
-8.516909814865597 -5.240443416872855 -8.568887533689413 -5.15501371821474 true
-8.568887533689413 -5.15501371821474 -8.620008370900576 -5.069068522480634 true
-8.620008370900576 -5.069068522480634 -8.670267214457965 -4.98261642411849 true
-8.670267214457965 -4.98261642411849 -8.719659038519106 -4.8956660682661 true
-8.719659038519106 -4.8956660682661 -8.768178903942754 -4.8082261498865915 true
-8.768178903942754 -4.8082261498865915 -8.8158219587828 -4.720305412898936 true
-8.8158219587828 -4.720305412898936 -8.862583438773461 -4.631912649303565 true
-8.862583438773461 -4.631912649303565 -8.908458667805707 -4.54305669830318 true
-8.908458667805707 -4.54305669830318 -8.95344305839486 -4.4537464454188305 true
-8.95344305839486 -4.4537464454188305 -8.997532112139355 -4.363990821601383 true
-8.997532112139355 -4.363990821601383 -9.040721420170554 -4.273798802338423 true
-9.040721420170554 -4.273798802338423 -9.083006663593643 -4.1831794067567145 true
-9.083006663593643 -4.1831794067567145 -9.124383613919523 -4.092141696720303 true
-9.124383613919523 -4.092141696720303 -9.164848133487636 -4.000694775924326 true
-9.164848133487636 -4.000694775924326 -9.20439617587975 -3.908847788984657 true
-9.20439617587975 -3.908847788984657 -9.24302378632458 -3.8166099205234527 true
-9.24302378632458 -3.8166099205234527 -9.280727102093271 -3.723990394250693 true
-9.280727102093271 -3.723990394250693 -9.317502352885667 -3.630998472041824 true
-9.317502352885667 -3.630998472041824 -9.353345861207334 -3.5376434530115723 true
-9.353345861207334 -3.5376434530115723 -9.388254042737309 -3.443934672584046 true
-9.388254042737309 -3.443934672584046 -9.422223406686529 -3.349881501559197 true
-9.422223406686529 -3.349881501559197 -9.455250556146908 -3.255493345175751 true
-9.455250556146908 -3.255493345175751 -9.48733218843102 -3.1607796421706897 true
-9.48733218843102 -3.1607796421706897 -9.518465095402373 -3.0657498638353857 true
-9.518465095402373 -3.0657498638353857 -9.548646163796215 -2.9704135130684812 true
-9.548646163796215 -2.9704135130684812 -9.577872375530855 -2.874780123425605 true
-9.577872375530855 -2.874780123425605 -9.606140808009476 -2.7788592581660296 true
-9.606140808009476 -2.7788592581660296 -9.633448634412385 -2.6826605092963463 true
-9.633448634412385 -2.6826605092963463 -9.659793123979703 -2.5861934966112754 true
-9.659793123979703 -2.5861934966112754 -9.685171642284423 -2.489467866731698 true
-9.685171642284423 -2.489467866731698 -9.709581651495862 -2.3924932921399966 true
-9.709581651495862 -2.3924932921399966 -9.733020710633443 -2.295279470212819 true
-9.733020710633443 -2.295279470212819 -9.755486475810786 -2.197836122251347 true
-9.755486475810786 -2.197836122251347 -9.776976700470092 -2.100172992509174 true
-9.776976700470092 -2.100172992509174 -9.797489235606806 -2.002299847217888 true
-9.797489235606806 -2.002299847217888 -9.817022029984505 -1.904226473610458 true
-9.817022029984505 -1.904226473610458 -9.83557313034003 -1.805962678942517 true
-9.83557313034003 -1.805962678942517 -9.853140681578804 -1.7075182895116459 true
-9.853140681578804 -1.7075182895116459 -9.869722926960344 -1.6089031496747506 true
-9.869722926960344 -1.6089031496747506 -9.88531820827393 -1.510127120863636 true
-9.88531820827393 -1.510127120863636 -9.899924966004427 -1.41120008059887 true
-9.899924966004427 -1.41120008059887 -9.913541739488231 -1.3121319215020404 true
-9.913541739488231 -1.3121319215020404 -9.926167167059347 -1.2129325503065003 true
-9.926167167059347 -1.2129325503065003 -9.937799986185533 -1.113611886866703 true
-9.937799986185533 -1.113611886866703 -9.948439033594575 -1.0141798631662264 true
-9.948439033594575 -1.0141798631662264 -9.958083245390593 -0.9146464223245798 true
-9.958083245390593 -0.9146464223245798 -9.966731657160448 -0.8150215176029036 true
-9.966731657160448 -0.8150215176029036 -9.974383404070169 -0.7153151114086497 true
-9.974383404070169 -0.7153151114086497 -9.981037720951443 -0.6155371742993486 true
-9.981037720951443 -0.6155371742993486 -9.986693942378125 -0.5156976839855636 true
-9.986693942378125 -0.5156976839855636 -9.991351502732787 -0.41580662433312676 true
-9.991351502732787 -0.41580662433312676 -9.995009936263271 -0.31587398436476094 true
-9.995009936263271 -0.31587398436476094 -9.997668877129279 -0.215909757261186 true
-9.997668877129279 -0.215909757261186 -9.999328059438936 -0.11592393936180923 true
-9.999328059438936 -0.11592393936180923 -9.999987317275394 -0.015926529165099207 true
-9.999987317275394 -0.015926529165099207 -9.999646584713421 0.08407247367125525 true
-9.999646584713421 0.08407247367125525 -9.998305895825988 0.18406306933030275 true
-9.998305895825988 0.18406306933030275 -9.995965384680865 0.2840352588358026 true
-9.995965384680865 0.2840352588358026 -9.992625285327218 0.38397904505211417 true
-9.992625285327218 0.38397904505211417 -9.988285931772198 0.483884433683902 true
-9.988285931772198 0.483884433683902 -9.982947757947544 0.583741434275557 true
-9.982947757947544 0.583741434275557 -9.976611297666192 0.683540061210234 true
-9.976611297666192 0.683540061210234 -9.969277184568888 0.7832703347084051 true
-9.969277184568888 0.7832703347084051 -9.960946152060831 0.8829222818258282 true
-9.960946152060831 0.8829222818258282 -9.951619033238329 0.9824859374508349 true
-9.951619033238329 0.9824859374508349 -9.94129676080549 1.081951345300832 true
-9.94129676080549 1.081951345300832 -9.929980366980956 1.1813085589179222 true
-9.929980366980956 1.1813085589179222 -9.917670983394682 1.2805476426635412 true
-9.917670983394682 1.2805476426635412 -9.904369840974766 1.3796586727120133 true
-9.904369840974766 1.3796586727120133 -9.890078269824368 1.478631738042926 true
-9.890078269824368 1.478631738042926 -9.874797699088692 1.5774569414322235 true
-9.874797699088692 1.5774569414322235 -9.858529656812076 1.6761244004419205 true
-9.858529656812076 1.6761244004419205 -9.841275769785193 1.774624248408339 true
-9.841275769785193 1.774624248408339 -9.823037763382366 1.8729466354287658 true
-9.823037763382366 1.8729466354287658 -9.803817461389041 1.971081729346433 true
-9.803817461389041 1.971081729346433 -9.783616785819397 2.0690197167337283 true
-9.783616785819397 2.0690197167337283 -9.762437756724157 2.1667508038735277 true
-9.762437756724157 2.1667508038735277 -9.740282491988584 2.2642652177385587 true
-9.740282491988584 2.2642652177385587 -9.717153207120687 2.361553206968698 true
-9.717153207120687 2.361553206968698 -9.693052215029677 2.458605042846095 true
-9.693052215029677 2.458605042846095 -9.667981925794683 2.5554110202680373 true
-9.667981925794683 2.5554110202680373 -9.641944846423733 2.6519614587174556 true
-9.641944846423733 2.6519614587174556 -9.614943580603068 2.7482467032309628 true
-9.614943580603068 2.7482467032309628 -9.586980828436769 2.8442571253643445 true
-9.586980828436769 2.8442571253643445 -9.558059386176751 2.939983124155396 true
-9.558059386176751 2.939983124155396 -9.528182145943138 3.0354151270840095 true
-9.528182145943138 3.0354151270840095 -9.497352095435055 3.1305435910294195 true
-9.497352095435055 3.1305435910294195 -9.465572317631864 3.225359003224504 true
-9.465572317631864 3.225359003224504 -9.432845990484859 3.319851882207056 true
-9.432845990484859 3.319851882207056 -9.399176386599484 3.4140127787679213 true
-9.399176386599484 3.4140127787679213 -9.364566872908071 3.507832276895911 true
-9.364566872908071 3.507832276895911 -9.329020910333147 3.601300994719396 true
-9.329020910333147 3.601300994719396 -9.292542053441347 3.694409585444482 true
-9.292542053441347 3.694409585444482 -9.255133950087963 3.7871487382896882 true
-9.255133950087963 3.7871487382896882 -9.216800341052156 3.879509179417013 true
-9.216800341052156 3.879509179417013 -9.177545059662885 3.9714816728593085 true
-9.177545059662885 3.9714816728593085 -9.137372031415577 4.063057021443876 true
-9.137372031415577 4.063057021443876 -9.096285273579579 4.154226067712168 true
-9.096285273579579 4.154226067712168 -9.054288894796434 4.244979694835532 true
-9.054288894796434 4.244979694835532 -9.011387094669026 4.335308827526885 true
-9.011387094669026 4.335308827526885 -8.967584163341616 4.42520443294823 true
-8.967584163341616 4.42520443294823 -8.922884481070831 4.514657521613938 true
-8.922884481070831 4.514657521613938 -8.877292517787653 4.603659148289687 true
-8.877292517787653 4.603659148289687 -8.830812832650416 4.692200412886977 true
-8.830812832650416 4.692200412886977 -8.7834500735889 4.780272461353132 true
-8.7834500735889 4.780272461353132 -8.735208976839544 4.867866486556699 true
-8.735208976839544 4.867866486556699 -8.686094366471819 4.954973729168152 true
-8.686094366471819 4.954973729168152 -8.636111153905834 5.041585478535819 true
-8.636111153905834 5.041585478535819 -8.585264337421194 5.127693073556941 true
-8.585264337421194 5.127693073556941 -8.533559001657174 5.21328790354377 true
-8.533559001657174 5.21328790354377 -8.481000317104266 5.298361409084636 true
-8.481000317104266 5.298361409084636 -8.427593539587123 5.38290508289988 true
-8.427593539587123 5.38290508289988 -8.373344009738995 5.466910470692574 true
-8.373344009738995 5.466910470692574 -8.318257152467654 5.5503691719939425 true
-8.318257152467654 5.5503691719939425 -8.262338476412923 5.633272841003404 true
-8.262338476412923 5.633272841003404 -8.205593573395813 5.715613187423143 true
-8.205593573395813 5.715613187423143 -8.148028117859333 5.7973819772871344 true
-8.148028117859333 5.7973819772871344 -8.08964786630107 5.878571033784533 true
-8.08964786630107 5.878571033784533 -8.030458656697526 5.959172238077346 true
-8.030458656697526 5.959172238077346 -7.970466407920339 6.039177530112312 true
-7.970466407920339 6.039177530112312 -7.909677119144394 6.1185789094268985 true
-7.909677119144394 6.1185789094268985 -7.848096869247909 6.19736843594934 true
-7.848096869247909 6.19736843594934 -7.78573181620456 6.275538230792643 true
-7.78573181620456 6.275538230792643 -7.722588196467677 6.353080477042465 true
-7.722588196467677 6.353080477042465 -7.658672324346617 6.429987420538799 true
-7.658672324346617 6.429987420538799 -7.593990591375327 6.506251370651384 true
-7.593990591375327 6.506251370651384 -7.528549465673205 6.581864701048762 true
-7.528549465673205 6.581864701048762 -7.462355491298286 6.656819850460903 true
-7.462355491298286 6.656819850460903 -7.3954152875928445 6.73110932343533 true
-7.3954152875928445 6.73110932343533 -7.3277355485214715 6.804725691086654 true
-7.3277355485214715 6.804725691086654 -7.259323042001671 6.877661591839454 true
-7.259323042001671 6.877661591839454 -7.190184609227086 6.949909732164436 true
-7.190184609227086 6.949909732164436 -7.1203271639833785 7.021462887307774 true
-7.1203271639833785 7.021462887307774 -7.04975769195686 7.092313902013579 true
-7.04975769195686 7.092313902013579 -6.978483250035924 7.162455691239426 true
-6.978483250035924 7.162455691239426 -6.906510965605368 7.231881240864842 true
-6.906510965605368 7.231881240864842 -6.8338480358336575 7.30058360839272 true
-6.8338480358336575 7.30058360839272 -6.760501726953219 7.368555923643557 true
-6.760501726953219 7.368555923643557 -6.686479373533817 7.435791389442473 true
-6.686479373533817 7.435791389442473 -6.611788377749109 7.502283282298917 true
-6.611788377749109 7.502283282298917 -6.536436208636431 7.5680249530790125 true
-6.536436208636431 7.5680249530790125 -6.4604304013499 7.633009827670469 true
-6.4604304013499 7.633009827670469 -6.383778556406909 7.697231407639977 true
-6.383778556406909 7.697231407639977 -6.306488338928077 7.76068327088306 true
-6.306488338928077 7.76068327088306 -6.228567477870741 7.823359072266268 true
-6.228567477870741 7.823359072266268 -6.1500237652560745 7.885252544261693 true
-6.1500237652560745 7.885252544261693 -6.070865055389883 7.946357497573715 true
-6.070865055389883 7.946357497573715 -5.9910992640771905 8.00666782175792 true
-5.9910992640771905 8.00666782175792 -5.910734367830658 8.066177485832153 true
-5.910734367830658 8.066177485832153 -5.829778403072937 8.124880538879594 true
-5.829778403072937 8.124880538879594 -5.74823946533304 8.18277111064386 true
-5.74823946533304 8.18277111064386 -5.6661257084367955 8.239843412116011 true
-5.6661257084367955 8.239843412116011 -5.583445343691462 8.296091736113466 true
-5.583445343691462 8.296091736113466 -5.500206639064614 8.351510457850695 true
-5.500206639064614 8.351510457850695 -5.416417918357351 8.40609403550171 true
-5.416417918357351 8.40609403550171 -5.33208756037192 8.459837010754228 true
-5.33208756037192 8.459837010754228 -5.247223998073841 8.512734009355512 true
-5.247223998073841 8.512734009355512 -5.161835717748628 8.564779741649781 true
-5.161835717748628 8.564779741649781 -5.0759312581531555 8.61596900310718 true
-5.0759312581531555 8.61596900310718 -4.989519209661796 8.666296674844217 true
-4.989519209661796 8.666296674844217 -4.9026082134073885 8.71575772413566 true
-4.9026082134073885 8.71575772413566 -4.815206960417135 8.764347204917796 true
-4.815206960417135 8.764347204917796 -4.727324190743499 8.812060258283038 true
-4.727324190743499 8.812060258283038 -4.638968692590211 8.858892112965812 true
-4.638968692590211 8.858892112965812 -4.550149301433458 8.904838085819675 true
-4.550149301433458 8.904838085819675 -4.460874899138341 8.949893582285629 true
-4.460874899138341 8.949893582285629 -4.371154413070694 8.994054096851574 true
-4.371154413070694 8.994054096851574 -4.280996815204356 9.037315213502856 true
-4.280996815204356 9.037315213502856 -4.190411121223983 9.079672606163857 true
-4.190411121223983 9.079672606163857 -4.099406389623485 9.12112203913061 true
-4.099406389623485 9.12112203913061 -4.007991720800186 9.16165936749436 true
-4.007991720800186 9.16165936749436 -3.916176256144788 9.201280537556052 true
-3.916176256144788 9.201280537556052 -3.823969177127246 9.239981587231696 true
-3.823969177127246 9.239981587231696 -3.7313797043786208 9.277758646448577 true
-3.7313797043786208 9.277758646448577 -3.638417096769031 9.314607937532251 true
-3.638417096769031 9.314607937532251 -3.545090650481768 9.350525775584321 true
-3.545090650481768 9.350525775584321 -3.4514096980836895 9.38550856885091 true
-3.4514096980836895 9.38550856885091 -3.357383607591968 9.419552819081845 true
-3.357383607591968 9.419552819081845 -3.263021781537297 9.452655121880474 true
-3.263021781537297 9.452655121880474 -3.1683336560236484 9.484812167044101 true
-3.1683336560236484 9.484812167044101 -3.0733286997846667 9.516020738895008 true
-3.0733286997846667 9.516020738895008 -2.9780164132368054 9.546277716602015 true
-2.9780164132368054 9.546277716602015 -2.882406327529292 9.575580074492567 true
-2.882406327529292 9.575580074492567 -2.7865080035910235 9.603924882355294 true
-2.7865080035910235 9.603924882355294 -2.690331031174478 9.63130930573303 true
-2.690331031174478 9.63130930573303 -2.59388502789675 9.657730606206258 true
-2.59388502789675 9.657730606206258 -2.4971796382777964 9.683186141666946 true
-2.4971796382777964 9.683186141666946 -2.400224532775991 9.70767336658276 true
-2.400224532775991 9.70767336658276 -2.303029406821088 9.73118983225162 true
-2.303029406821088 9.73118983225162 -2.205603979844688 9.753733187046551 true
-2.205603979844688 9.753733187046551 -2.107957994308301 9.775301176650862 true
-2.107957994308301 9.775301176650862 -2.0101012147291084 9.795891644283564 true
-2.0101012147291084 9.795891644283564 -1.912043426703522 9.815502530915056 true
-1.912043426703522 9.815502530915056 -1.8137944359286293 9.834131875473012 true
-1.8137944359286293 9.834131875473012 -1.7153640672216341 9.851777815038504 true
-1.7153640672216341 9.851777815038504 -1.6167621635373821 9.868438585032282 true
-1.6167621635373821 9.868438585032282 -1.5179985849840736 9.884112519391225 true
-1.5179985849840736 9.884112519391225 -1.4190832078372615 9.898798050734964 true
-1.4190832078372615 9.898798050734964 -1.320025923552231 9.912493710522599 true
-1.320025923552231 9.912493710522599 -1.220836637774863 9.925198129199567 true
-1.220836637774863 9.925198129199567 -1.1215252693510782 9.936910036334584 true
-1.1215252693510782 9.936910036334584 -1.0221017493349596 9.9476282607467 true
-1.0221017493349596 9.9476282607467 -0.9225760199956561 9.957351730622403 true
-0.9225760199956561 9.957351730622403 -0.8229580338231637 9.96607947362281 true
-0.8229580338231637 9.96607947362281 -0.7232577525330852 9.973810616980893 true
-0.7232577525330852 9.973810616980893 -0.6234851460704661 9.98054438758876 true
-0.6234851460704661 9.98054438758876 -0.5236501916128092 9.98628011207496 true
-0.5236501916128092 9.98628011207496 -0.4237628725723648 9.991017216871825 true
-0.4237628725723648 9.991017216871825 -0.3238331775977977 9.994755228272822 true
-0.3238331775977977 9.994755228272822 -0.22387109957533083 9.997493772479928 true
-0.22387109957533083 9.997493772479928 -0.1238866346294651 9.999232575641003 true
-0.1238866346294651 9.999232575641003 -0.023889781123374934 9.999971463877179 true
-0.023889781123374934 9.999971463877179 0.07610946134091949 9.999710363300249 true
0.07610946134091949 9.999710363300249 0.17610109292250417 9.998449300020054 true
0.17610109292250417 9.998449300020054 0.276075114541547 9.99618840014187 true
0.276075114541547 9.99618840014187 0.3760215288791975 9.992927889753801 true
0.3760215288791975 9.992927889753801 0.47593034137731033 9.988668094904169 true
0.47593034137731033 9.988668094904169 0.5757915612378928 9.98340944156891 true
0.5757915612378928 9.98340944156891 0.6755952024221761 9.977152455608971 true
0.6755952024221761 9.977152455608971 0.7753312846492112 9.96989776271774 true
0.7753312846492112 9.96989776271774 0.8749898343938889 9.961646088358458 true
0.8749898343938889 9.961646088358458 0.9745608858842827 9.952398257691682 true
0.9745608858842827 9.952398257691682 1.0740344820982197 9.942155195492777 true
1.0740344820982197 9.942155195492777 1.1734006757589723 9.930917926059422 true
1.1734006757589723 9.930917926059422 1.27264953032998 9.918687573109201 true
1.27264953032998 9.918687573109201 1.3717711210084924 9.905465359667213 true
1.3717711210084924 9.905465359667213 1.4707555357180424 9.891252607943786 true
1.4707555357180424 9.891252607943786 1.5695928760996463 9.876050739202247 true
1.5695928760996463 9.876050739202247 1.6682732585016302 9.859861273616803 true
1.6682732585016302 9.859861273616803 1.7667868149679868 9.84268583012052 true
1.7667868149679868 9.84268583012052 1.865123694225164 9.824526126243438 true
1.865123694225164 9.824526126243438 1.9632740626671836 9.805383977940807 true
1.9632740626671836 9.805383977940807 2.0612281053389925 9.78526129941151 true
2.0612281053389925 9.78526129941151 2.158976026917952 9.764160102906628 true
2.158976026917952 9.764160102906628 2.25650805269336 9.74208249852823 true
2.25650805269336 9.74208249852823 2.3538144295439163 9.719030694018352 true
2.3538144295439163 9.719030694018352 2.4508854269130236 9.69500699453824 true
2.4508854269130236 9.69500699453824 2.547711337781837 9.670013802437817 true
2.547711337781837 9.670013802437817 2.6442824796399576 9.64405361701547 true
2.6442824796399576 9.64405361701547 2.7405891954536763 9.617129034268105 true
2.7405891954536763 9.617129034268105 2.8366218546316664 9.58924274663156 true
2.8366218546316664 9.58924274663156 2.9323708539880364 9.560397542711364 true
2.9323708539880364 9.560397542711364 3.0278266187026426 9.530596307003865 true
3.0278266187026426 9.530596307003865 3.122979603278559 9.499842019607804 true
3.122979603278559 9.499842019607804 3.2178202924966213 9.468137755926291 true
3.2178202924966213 9.468137755926291 3.3123392023669425 9.435486686359274 true
3.3123392023669425 9.435486686359274 3.4065268810772995 9.4018920759865 true
3.4065268810772995 9.4018920759865 3.5003739099383124 9.367357284241013 true
3.5003739099383124 9.367357284241013 3.5938709043253003 9.331885764573206 true
3.5938709043253003 9.331885764573206 3.6870085146167373 9.295481064105488 true
3.6870085146167373 9.295481064105488 3.77977742712921 9.258146823277567 true
3.77977742712921 9.258146823277567 3.872168365048774 9.219886775482415 true
3.872168365048774 9.219886775482415 3.964172089358629 9.180704746692927 true
3.964172089358629 9.180704746692927 4.055779399763014 9.140604655079333 true
4.055779399763014 9.140604655079333 4.146981135607228 9.099590510617375 true
4.146981135607228 9.099590510617375 4.237768176793687 9.057666414687324 true
4.237768176793687 9.057666414687324 4.328131444693929 9.014836559663832 true
4.328131444693929 9.014836559663832 4.418061903056464 8.971105228496715 true
4.418061903056464 8.971105228496715 4.507550558910401 8.926476794282642 true
4.507550558910401 8.926476794282642 4.596588463464727 8.880955719827849 true
4.596588463464727 8.880955719827849 4.685166713003182 8.834546557201845 true
4.685166713003182 8.834546557201845 4.773276449774631 8.787253947282217 true
4.773276449774631 8.787253947282217 4.860908862878819 8.739082619290548 true
4.860908862878819 8.739082619290548 4.948055189147464 8.690037390319494 true
4.948055189147464 8.690037390319494 5.034706714020559 8.640123164851083 true
5.034706714020559 8.640123164851083 5.120854772417827 8.589344934266267 true
5.120854772417827 8.589344934266267 5.206490749605218 8.537707776345785 true
5.206490749605218 8.537707776345785 5.291606082056376 8.485216854762403 true
5.291606082056376 8.485216854762403 5.376192258308986 8.431877418564536 true
5.376192258308986 8.431877418564536 5.46024081981591 8.377694801651351 true
5.46024081981591 8.377694801651351 5.543743361791038 8.322674422239393 true
5.543743361791038 8.322674422239393 5.626691534049758 8.266821782320747 true
5.626691534049758 8.266821782320747 5.709077041843967 8.210142467112865 true
5.709077041843967 8.210142467112865 5.7908916466915406 8.152642144500037 true
5.7908916466915406 8.152642144500037 5.872127167200171 8.094326564466602 true
5.872127167200171 8.094326564466602 5.952775479885505 8.03520155852197 true
5.952775479885505 8.03520155852197 6.03282851998348 7.975273039117466 true
6.03282851998348 7.975273039117466 6.112278282256796 7.914546999055089 true
6.112278282256796 7.914546999055089 6.191116821795436 7.8530295108882395 true
6.191116821795436 7.8530295108882395 6.269336254811142 7.790726726314472 true
6.269336254811142 7.790726726314472 6.346928759425797 7.727644875560323 true
6.346928759425797 7.727644875560323 6.423886576453599 7.6637902667583 true
6.423886576453599 7.6637902667583 6.500202010176977 7.599169285316072 true
6.500202010176977 7.599169285316072 6.575867429116155 7.533788393277932 true
6.575867429116155 7.533788393277932 6.650875266792291 7.467654128678602 true
6.650875266792291 7.467654128678602 6.7252180224841265 7.400773104889428 true
6.7252180224841265 7.400773104889428 6.7988882619780435 7.333152009957055 true
6.7988882619780435 7.333152009957055 6.8718786183114835 7.264797605934625 true
6.8718786183114835 7.264797605934625 6.944181792509639 7.19571672820558 true
6.944181792509639 7.19571672820558 7.015790554315342 7.125916284800126 true
7.015790554315342 7.125916284800126 7.086697742912086 7.0554032557044355 true
7.086697742912086 7.0554032557044355 7.156896267640102 6.984184692162657 true
7.156896267640102 6.984184692162657 7.226379108705413 6.912267715971797 true
7.226379108705413 6.912267715971797 7.295139317881816 6.839659518769544 true
7.295139317881816 6.839659518769544 7.363170019205693 6.766367361315111 true
7.363170019205693 6.766367361315111 7.430464409663605 6.692398572763168 true
7.430464409663605 6.692398572763168 7.497015759872584 6.617760549930929 true
7.497015759872584 6.617760549930929 7.5628174147530665 6.542460756558478 true
7.5628174147530665 6.542460756558478 7.627862794194402 6.4665067225624036 true
7.627862794194402 6.4665067225624036 7.692145393712849 6.389906043282812 true
7.692145393712849 6.389906043282812 7.755658785102025 6.312666378723795 true
7.755658785102025 6.312666378723795 7.818396617075717 6.234795452787443 true
7.818396617075717 6.234795452787443 7.8803526159030115 6.156301052501458 true
7.8803526159030115 6.156301052501458 7.941520586035654 6.077191027240457 true
7.941520586035654 6.077191027240457 8.001894410727605 5.997473287941042 true
8.001894410727605 5.997473287941042 8.061468052646706 5.91715580631071 true
8.061468052646706 5.91715580631071 8.120235554478409 5.836246614030692 true
8.120235554478409 5.836246614030692 8.178191039521504 5.754753801952796 true
8.178191039521504 5.754753801952796 8.235328712275788 5.672685519290316 true
8.235328712275788 5.672685519290316 8.291642859021591 5.590049972803128 true
8.291642859021591 5.590049972803128 8.347127848391173 5.506855425977021 true
8.347127848391173 5.506855425977021 8.401778131931831 5.423110198197346 true
8.401778131931831 5.423110198197346 8.455588244660756 5.338822663917096 true
8.455588244660756 5.338822663917096 8.508552805611515 5.254001251819458 true
8.508552805611515 5.254001251819458 8.560666518372148 5.168654443974957 true
8.560666518372148 5.168654443974957 8.611924171614811 5.082790774993256 true
8.611924171614811 5.082790774993256 8.662320639616892 4.996418831169701 true
8.662320639616892 4.996418831169701 8.711850882773586 4.909547249626699 true
8.711850882773586 4.909547249626699 8.760509948101856 4.822184717450008 true
8.760509948101856 4.822184717450008 8.808292969735716 4.734339970820047 true
8.808292969735716 4.734339970820047 8.855195169412822 4.6460217941382735 true
8.855195169412822 4.6460217941382735 8.90121185695229 4.557239019148759 true
8.90121185695229 4.557239019148759 8.946338430723717 4.468000524055015 true
8.946338430723717 4.468000524055015 8.990570378107329 4.378315232632188 true
8.990570378107329 4.378315232632188 9.033903275945246 4.288192113334681 true
9.033903275945246 4.288192113334681 9.076332790983797 4.197640178399322 true
9.076332790983797 4.197640178399322 9.117854680306834 4.106668482944145 true
9.117854680306834 4.106668482944145 9.158464791760027 4.015286124062887 true
9.158464791760027 4.015286124062887 9.198159064366074 3.923502239915282 true
9.198159064366074 3.923502239915282 9.236933528730791 3.83132600881326 true
9.236933528730791 3.83132600881326 9.274784307440054 3.7387666483031183 true
9.274784307440054 3.7387666483031183 9.311707615447533 3.645833414243774 true
9.311707615447533 3.645833414243774 9.3476997604532 3.5525355998811903 true
9.3476997604532 3.5525355998811903 9.382757143272544 3.458882534919055 true
9.382757143272544 3.458882534919055 9.416876258196499 3.36488358458582 true
9.416876258196499 3.36488358458582 9.450053693342005 3.270548148698187 true
9.450053693342005 3.270548148698187 9.482286130993195 3.1758856607211317 true
9.482286130993195 3.1758856607211317 9.513570347933166 3.080905586824567 true
9.513570347933166 3.080905586824567 9.54390321576629 2.985617424936733 true
9.54390321576629 2.985617424936733 9.573281701231068 2.8900307037944106 true
9.573281701231068 2.8900307037944106 9.601702866503427 2.79415498199006 true
9.601702866503427 2.79415498199006 9.62916386949053 2.6979998470159656 true
9.62916386949053 2.6979998470159656 9.65566196411496 2.601574914305495 true
9.65566196411496 2.601574914305495 9.681194500589337 2.5048898262715658 true
9.681194500589337 2.5048898262715658 9.70575892568129 2.4079542513424106 true
9.70575892568129 2.4079542513424106 9.72935278296878 2.3107778829947434 true
9.72935278296878 2.3107778829947434 9.75197371308574 2.213370438784418 true
9.75197371308574 2.213370438784418 9.773619453958009 2.1157416593746836 true
9.773619453958009 2.1157416593746836 9.794287841029538 2.017901307562124 true
9.794287841029538 2.017901307562124 9.813976807478845 1.919859167300387 true
9.813976807478845 1.919859167300387 9.83268438442569 1.8216250427217973 true
9.83268438442569 1.8216250427217973 9.850408701127968 1.7232087571569512 true
9.850408701127968 1.7232087571569512 9.867147985168781 1.6246201521523917 true
9.867147985168781 1.6246201521523917 9.882900562633672 1.525869086486463 true
9.882900562633672 1.525869086486463 9.897664858278025 1.4269654351834387 true
9.897664858278025 1.4269654351834387 9.911439395684575 1.3279190885260301 true
9.911439395684575 1.3279190885260301 9.92422279741106 1.2287399510663644 true
9.92422279741106 1.2287399510663644 9.936013785127965 1.1294379406355384 true
9.936013785127965 1.1294379406355384 9.94681117974634 1.0300229873518443 true
9.94681117974634 1.0300229873518443 9.956613901535722 0.9305050326277644 true
9.956613901535722 0.9305050326277644 9.965420970232103 0.8308940281758402 true
9.965420970232103 0.8308940281758402 9.973231505135947 0.7311999350135078 true
9.973231505135947 0.7311999350135078 9.98004472520028 0.6314327224670052 true
9.98004472520028 0.6314327224670052 9.985859949108766 0.5316023671744482 true
9.985859949108766 0.5316023671744482 9.990676595343865 0.4317188520881742 true
9.990676595343865 0.4317188520881742 9.994494182244965 0.33179216547645585 true
9.994494182244965 0.33179216547645585 9.997312328056559 0.23183229992468246 true
9.997312328056559 0.23183229992468246 9.999130750966412 0.1318492513361095 true
9.999130750966412 0.1318492513361095 9.999949269133749 0.03185301793227696 true
9.999949269133749 0.03185301793227696 9.999767800707438 -0.06814640074680473 true
9.999767800707438 -0.06814640074680473 9.998586363834166 -0.1681390048426002 true
0
