0 -40.0
1000 1000 1000 1000
8
10.806046117362795 -16.82941969615793 44.46488550967866 4.78267253856766 true
7.247155089533472 -18.640781719344524 10.806046117362795 -16.82941969615793 true
3.399342858004821 -19.708994599769202 7.247155089533472 -18.640781719344524 true
-0.5839904460257719 -19.991472060830105 3.399342858004821 -19.708994599769202 true
-4.5440418938617375 -19.476952617563907 -0.5839904460257719 -19.991472060830105 true
-8.322936730942844 -18.185948536513635 -4.5440418938617375 -19.476952617563907 true
-11.77002234510691 -16.169928076391805 -8.322936730942844 -18.185948536513635 true
-44.472446253456056 4.711849343247547 -10.77922898799023 -16.846608632732913 true
0
