0 0
1000 1000 1000 1000
1142
-44.45721197872176 -4.853483602424053 -10.832835836713972 16.81218807100389 true
-10.832835836713972 16.81218807100389 -10.816018235027528 16.8230124989418 true
-10.816018235027528 16.8230124989418 -10.799189817323747 16.833820103868614 true
-10.799189817323747 16.833820103868614 -10.78235060043105 16.844610874976723 true
-10.78235060043105 16.844610874976723 -10.765500601188654 16.855384801475367 true
-10.765500601188654 16.855384801475367 -10.74863983644655 16.86614187259061 true
-10.74863983644655 16.86614187259061 -10.731768323065507 16.876882077565387 true
-10.731768323065507 16.876882077565387 -10.714886077917036 16.887605405659492 true
-10.714886077917036 16.887605405659492 -10.697993117883378 16.8983118461496 true
-10.697993117883378 16.8983118461496 -10.681089459857496 16.90900138832927 true
-10.681089459857496 16.90900138832927 -10.664175120743042 16.91967402150896 true
-10.664175120743042 16.91967402150896 -10.647250117454357 16.930329735016038 true
-10.647250117454357 16.930329735016038 -10.630314466916442 16.94096851819479 true
-10.630314466916442 16.94096851819479 -10.613368186064944 16.95159036040644 true
-10.613368186064944 16.95159036040644 -10.596411291846145 16.96219525102914 true
-10.596411291846145 16.96219525102914 -10.579443801216941 16.972783179458002 true
-10.579443801216941 16.972783179458002 -10.562465731144815 16.9833541351051 true
-10.562465731144815 16.9833541351051 -10.545477098607837 16.993908107399477 true
-10.545477098607837 16.993908107399477 -10.52847792059464 17.004445085787165 true
-10.52847792059464 17.004445085787165 -10.511468214104397 17.01496505973118 true
-10.511468214104397 17.01496505973118 -10.494447996146821 17.025468018711557 true
-10.494447996146821 17.025468018711557 -10.47741728374212 17.03595395222533 true
-10.47741728374212 17.03595395222533 -10.46037609392101 17.046422849786577 true
-10.46037609392101 17.046422849786577 -10.443324443724677 17.056874700926386 true
-10.443324443724677 17.056874700926386 -10.42626235020477 17.067309495192923 true
-10.42626235020477 17.067309495192923 -10.409189830423383 17.077727222151385 true
-10.409189830423383 17.077727222151385 -10.392106901453031 17.088127871384046 true
-10.392106901453031 17.088127871384046 -10.375013580376644 17.098511432490263 true
-10.375013580376644 17.098511432490263 -10.357909884287544 17.10887789508647 true
-10.357909884287544 17.10887789508647 -10.34079583028942 17.119227248806208 true
-10.34079583028942 17.119227248806208 -10.32367143549633 17.129559483300124 true
-10.32367143549633 17.129559483300124 -10.306536717032662 17.139874588235983 true
-10.306536717032662 17.139874588235983 -10.289391692033137 17.150172553298685 true
-10.289391692033137 17.150172553298685 -10.272236377642777 17.16045336819026 true
-10.272236377642777 17.16045336819026 -10.255070791016895 17.170717022629898 true
-10.255070791016895 17.170717022629898 -10.237894949321076 17.180963506353944 true
-10.237894949321076 17.180963506353944 -10.220708869731164 17.191192809115915 true
-10.220708869731164 17.191192809115915 -10.203512569433231 17.20140492068651 true
-10.203512569433231 17.20140492068651 -10.18630606562358 17.211599830853615 true
-10.18630606562358 17.211599830853615 -10.169089375508712 17.22177752942233 true
-10.169089375508712 17.22177752942233 -10.151862516305314 17.231938006214946 true
-10.151862516305314 17.231938006214946 -10.13462550524025 17.242081251070992 true
-10.13462550524025 17.242081251070992 -10.117378359550521 17.252207253847224 true
-10.117378359550521 17.252207253847224 -10.100121096483278 17.26231600441764 true
-10.100121096483278 17.26231600441764 -10.08285373329578 17.27240749267349 true
-10.08285373329578 17.27240749267349 -10.06557628725539 17.28248170852329 true
-10.06557628725539 17.28248170852329 -10.048288775639548 17.292538641892815 true
-10.048288775639548 17.292538641892815 -10.03099121573577 17.302578282725143 true
-10.03099121573577 17.302578282725143 -10.013683624841613 17.312600620980632 true
-10.013683624841613 17.312600620980632 -9.996366020264665 17.32260564663694 true
-9.996366020264665 17.32260564663694 -9.97903841932253 17.332593349689045 true
-9.97903841932253 17.332593349689045 -9.961700839342807 17.342563720149244 true
-9.961700839342807 17.342563720149244 -9.944353297663074 17.352516748047172 true
-9.944353297663074 17.352516748047172 -9.926995811630873 17.362452423429794 true
-9.926995811630873 17.362452423429794 -9.909628398603687 17.37237073636144 true
-9.909628398603687 17.37237073636144 -9.892251075948927 17.3822716769238 true
-9.892251075948927 17.3822716769238 -9.874863861043918 17.39215523521593 true
-9.874863861043918 17.39215523521593 -9.857466771275869 17.402021401354272 true
-9.857466771275869 17.402021401354272 -9.84005982404187 17.411870165472664 true
-9.84005982404187 17.411870165472664 -9.822643036748868 17.421701517722344 true
-9.822643036748868 17.421701517722344 -9.805216426813647 17.431515448271956 true
-9.805216426813647 17.431515448271956 -9.787780011662818 17.44131194730757 true
-9.787780011662818 17.44131194730757 -9.770333808732792 17.451091005032694 true
-9.770333808732792 17.451091005032694 -9.752877835469771 17.460852611668265 true
-9.752877835469771 17.460852611668265 -9.735412109329728 17.470596757452682 true
-9.735412109329728 17.470596757452682 -9.717936647778386 17.480323432641793 true
-9.717936647778386 17.480323432641793 -9.700451468291206 17.49003262750893 true
-9.700451468291206 17.49003262750893 -9.682956588353367 17.4997243323449 true
-9.682956588353367 17.4997243323449 -9.665452025459745 17.50939853745799 true
-9.665452025459745 17.50939853745799 -9.647937797114905 17.519055233174008 true
-9.647937797114905 17.519055233174008 -9.630413920833071 17.52869440983625 true
-9.630413920833071 17.52869440983625 -9.612880414138118 17.53831605780554 true
-9.612880414138118 17.53831605780554 -9.595337294563553 17.54792016746024 true
-9.595337294563553 17.54792016746024 -9.577784579652493 17.55750672919623 true
-9.577784579652493 17.55750672919623 -9.56022228695765 17.567075733426954 true
-9.56022228695765 17.567075733426954 -9.542650434041319 17.57662717058341 true
-9.542650434041319 17.57662717058341 -9.525069038475348 17.586161031114163 true
-9.525069038475348 17.586161031114163 -9.507478117841131 17.595677305485346 true
-9.507478117841131 17.595677305485346 -9.48987768972959 17.605175984180693 true
-9.48987768972959 17.605175984180693 -9.472267771741151 17.61465705770152 true
-9.472267771741151 17.61465705770152 -9.454648381485729 17.624120516566755 true
-9.454648381485729 17.624120516566755 -9.437019536582712 17.633566351312947 true
-9.437019536582712 17.633566351312947 -9.419381254660946 17.642994552494255 true
-9.419381254660946 17.642994552494255 -9.40173355335871 17.652405110682484 true
-9.40173355335871 17.652405110682484 -9.384076450323704 17.66179801646707 true
-9.384076450323704 17.66179801646707 -9.36640996321303 17.67117326045511 true
-9.36640996321303 17.67117326045511 -9.348734109693172 17.680530833271362 true
-9.348734109693172 17.680530833271362 -9.331048907439985 17.689870725558258 true
-9.331048907439985 17.689870725558258 -9.313354374138667 17.6991929279759 true
-9.313354374138667 17.6991929279759 -9.295650527483751 17.70849743120209 true
-9.295650527483751 17.70849743120209 -9.277937385179083 17.717784225932323 true
-9.277937385179083 17.717784225932323 -9.260214964937802 17.72705330287981 true
-9.260214964937802 17.72705330287981 -9.24248328448233 17.736304652775466 true
-9.24248328448233 17.736304652775466 -9.224742361544342 17.74553826636795 true
-9.224742361544342 17.74553826636795 -9.20699221386476 17.75475413442365 true
-9.20699221386476 17.75475413442365 -9.189232859193734 17.763952247726692 true
-9.189232859193734 17.763952247726692 -9.171464315290613 17.773132597078966 true
-9.171464315290613 17.773132597078966 -9.15368659992394 17.782295173300124 true
-9.15368659992394 17.782295173300124 -9.135899730871431 17.791439967227593 true
-9.135899730871431 17.791439967227593 -9.118103725919953 17.800566969716574 true
-9.118103725919953 17.800566969716574 -9.100298602865509 17.80967617164007 true
-9.100298602865509 17.80967617164007 -9.08248437951322 17.818767563888876 true
-9.08248437951322 17.818767563888876 -9.064661073677309 17.827841137371607 true
-9.064661073677309 17.827841137371607 -9.046828703181077 17.836896883014685 true
-9.046828703181077 17.836896883014685 -9.028987285856898 17.845934791762367 true
-9.028987285856898 17.845934791762367 -9.011136839546186 17.85495485457674 true
-9.011136839546186 17.85495485457674 -8.993277382099386 17.863957062437752 true
-8.993277382099386 17.863957062437752 -8.97540893137595 17.872941406343188 true
-8.97540893137595 17.872941406343188 -8.957531505244333 17.881907877308706 true
-8.957531505244333 17.881907877308706 -8.939645121581957 17.89085646636784 true
-8.939645121581957 17.89085646636784 -8.921749798275204 17.899787164571997 true
-8.921749798275204 17.899787164571997 -8.903845553219396 17.90869996299048 true
-8.903845553219396 17.90869996299048 -8.885932404318776 17.917594852710494 true
-8.885932404318776 17.917594852710494 -8.868010369486495 17.926471824837144 true
-8.868010369486495 17.926471824837144 -8.850079466644582 17.935330870493466 true
-8.850079466644582 17.935330870493466 -8.832139713723938 17.944171980820414 true
-8.832139713723938 17.944171980820414 -8.81419112866432 17.952995146976875 true
-8.81419112866432 17.952995146976875 -8.796233729414304 17.961800360139687 true
-8.796233729414304 17.961800360139687 -8.778267533931295 17.970587611503632 true
-8.778267533931295 17.970587611503632 -8.760292560181481 17.979356892281466 true
-8.760292560181481 17.979356892281466 -8.742308826139839 17.9881081937039 true
-8.742308826139839 17.9881081937039 -8.724316349790097 17.996841507019646 true
-8.724316349790097 17.996841507019646 -8.706315149124734 18.005556823495382 true
-8.706315149124734 18.005556823495382 -8.688305242144947 18.014254134415797 true
-8.688305242144947 18.014254134415797 -8.67028664686064 18.02293343108358 true
-8.67028664686064 18.02293343108358 -8.652259381290412 18.03159470481943 true
-8.652259381290412 18.03159470481943 -8.63422346346152 18.04023794696208 true
-8.63422346346152 18.04023794696208 -8.616178911409888 18.048863148868286 true
-8.616178911409888 18.048863148868286 -8.598125743180061 18.057470301912844 true
-8.598125743180061 18.057470301912844 -8.580063976825206 18.06605939748861 true
-8.580063976825206 18.06605939748861 -8.561993630407091 18.07463042700648 true
-8.561993630407091 18.07463042700648 -8.543914721996057 18.08318338189543 true
-8.543914721996057 18.08318338189543 -8.525827269671014 18.091718253602505 true
-8.525827269671014 18.091718253602505 -8.507731291519413 18.100235033592835 true
-8.507731291519413 18.100235033592835 -8.489626805637227 18.10873371334964 true
-8.489626805637227 18.10873371334964 -8.471513830128947 18.11721428437424 true
-8.471513830128947 18.11721428437424 -8.453392383107538 18.125676738186066 true
-8.453392383107538 18.125676738186066 -8.435262482694453 18.134121066322663 true
-8.435262482694453 18.134121066322663 -8.417124147019589 18.142547260339704 true
-8.417124147019589 18.142547260339704 -8.398977394221278 18.150955311811 true
-8.398977394221278 18.150955311811 -8.380822242446271 18.159345212328496 true
-8.380822242446271 18.159345212328496 -8.362658709849724 18.167716953502293 true
-8.362658709849724 18.167716953502293 -8.344486814595161 18.176070526960647 true
-8.344486814595161 18.176070526960647 -8.32630657485448 18.184405924349992 true
-8.32630657485448 18.184405924349992 -8.308118008807918 18.192723137334927 true
-8.308118008807918 18.192723137334927 -8.289921134644038 18.201022157598242 true
-8.289921134644038 18.201022157598242 -8.271715970559715 18.209302976840913 true
-8.271715970559715 18.209302976840913 -8.253502534760113 18.21756558678213 true
-8.253502534760113 18.21756558678213 -8.23528084545866 18.225809979159273 true
-8.23528084545866 18.225809979159273 -8.21705092087705 18.234036145727956 true
-8.21705092087705 18.234036145727956 -8.198812779245205 18.24224407826201 true
-8.198812779245205 18.24224407826201 -8.180566438801263 18.250433768553513 true
-8.180566438801263 18.250433768553513 -8.162311917791563 18.258605208412767 true
-8.162311917791563 18.258605208412767 -8.144049234470627 18.266758389668333 true
-8.144049234470627 18.266758389668333 -8.125778407101134 18.27489330416703 true
-8.125778407101134 18.27489330416703 -8.10749945395391 18.283009943773948 true
-8.10749945395391 18.283009943773948 -8.08921239330791 18.291108300372446 true
-8.08921239330791 18.291108300372446 -8.07091724345019 18.299188365864165 true
-8.07091724345019 18.299188365864165 -8.052614022675899 18.307250132169045 true
-8.052614022675899 18.307250132169045 -8.034302749288255 18.315293591225316 true
-8.034302749288255 18.315293591225316 -8.015983441598532 18.323318734989524 true
-8.015983441598532 18.323318734989524 -7.997656117926036 18.331325555436525 true
-7.997656117926036 18.331325555436525 -7.979320796598089 18.339314044559497 true
-7.979320796598089 18.339314044559497 -7.96097749595001 18.34728419436995 true
-7.96097749595001 18.34728419436995 -7.942626234325098 18.355235996897743 true
-7.942626234325098 18.355235996897743 -7.924267030074613 18.36316944419107 true
-7.924267030074613 18.36316944419107 -7.90589990155776 18.371084528316477 true
-7.90589990155776 18.371084528316477 -7.887524867141663 18.378981241358886 true
-7.887524867141663 18.378981241358886 -7.869141945201356 18.38685957542159 true
-7.869141945201356 18.38685957542159 -7.85075115411976 18.394719522626247 true
-7.85075115411976 18.394719522626247 -7.832352512287665 18.402561075112917 true
-7.832352512287665 18.402561075112917 -7.813946038103708 18.410384225040048 true
-7.813946038103708 18.410384225040048 -7.7955317499743675 18.41818896458448 true
-7.7955317499743675 18.41818896458448 -7.777109666313924 18.42597528594149 true
-7.777109666313924 18.42597528594149 -7.758679805544463 18.433743181324743 true
-7.758679805544463 18.433743181324743 -7.740242186095843 18.441492642966356 true
-7.740242186095843 18.441492642966356 -7.721796826405681 18.44922366311686 true
-7.721796826405681 18.44922366311686 -7.703343744919337 18.45693623404524 true
-7.703343744919337 18.45693623404524 -7.68488296008989 18.464630348038924 true
-7.68488296008989 18.464630348038924 -7.6664144903781235 18.472305997403797 true
-7.6664144903781235 18.472305997403797 -7.647938354252506 18.479963174464213 true
-7.647938354252506 18.479963174464213 -7.6294545701891705 18.487601871562994 true
-7.6294545701891705 18.487601871562994 -7.6109631566719 18.495222081061446 true
-7.6109631566719 18.495222081061446 -7.592464132192109 18.502823795339356 true
-7.592464132192109 18.502823795339356 -7.573957515248817 18.510407006795013 true
-7.573957515248817 18.510407006795013 -7.555443324348642 18.517971707845206 true
-7.555443324348642 18.517971707845206 -7.536921578005772 18.525517890925236 true
-7.536921578005772 18.525517890925236 -7.518392294741951 18.533045548488918 true
-7.518392294741951 18.533045548488918 -7.4998554930864625 18.540554673008593 true
-7.4998554930864625 18.540554673008593 -7.481311191576107 18.548045256975144 true
-7.481311191576107 18.548045256975144 -7.462759408755182 18.55551729289798 true
-7.462759408755182 18.55551729289798 -7.444200163175471 18.56297077330507 true
-7.444200163175471 18.56297077330507 -7.425633473396216 18.570405690742938 true
-7.425633473396216 18.570405690742938 -7.407059357984107 18.57782203777666 true
-7.407059357984107 18.57782203777666 -7.388477835513258 18.58521980698989 true
-7.388477835513258 18.58521980698989 -7.3698889245651875 18.592598990984865 true
-7.3698889245651875 18.592598990984865 -7.351292643728807 18.599959582382397 true
-7.351292643728807 18.599959582382397 -7.332689011600396 18.607301573821896 true
-7.332689011600396 18.607301573821896 -7.314078046783585 18.61462495796137 true
-7.314078046783585 18.61462495796137 -7.295459767889336 18.621929727477443 true
-7.295459767889336 18.621929727477443 -7.276834193535927 18.629215875065338 true
-7.276834193535927 18.629215875065338 -7.258201342348931 18.63648339343891 true
-7.258201342348931 18.63648339343891 -7.239561232961198 18.64373227533064 true
-7.239561232961198 18.64373227533064 -7.220913884012835 18.650962513491645 true
-7.220913884012835 18.650962513491645 -7.202259314151189 18.6581741006917 true
-7.202259314151189 18.6581741006917 -7.18359754203083 18.665367029719203 true
-7.18359754203083 18.665367029719203 -7.164928586313527 18.67254129338123 true
-7.164928586313527 18.67254129338123 -7.146252465668235 18.679696884503525 true
-7.146252465668235 18.679696884503525 -7.127569198771074 18.68683379593049 true
-7.127569198771074 18.68683379593049 -7.108878804305307 18.693952020525217 true
-7.108878804305307 18.693952020525217 -7.090181300961326 18.701051551169478 true
-7.090181300961326 18.701051551169478 -7.071476707436638 18.70813238076375 true
-7.071476707436638 18.70813238076375 -7.052765042435832 18.7151945022272 true
-7.052765042435832 18.7151945022272 -7.034046324670569 18.722237908497704 true
-7.034046324670569 18.722237908497704 -7.015320572859569 18.72926259253186 true
-7.015320572859569 18.72926259253186 -6.996587805728581 18.736268547304988 true
-6.996587805728581 18.736268547304988 -6.977848042010368 18.743255765811128 true
-6.977848042010368 18.743255765811128 -6.959101300444697 18.750224241063062 true
-6.959101300444697 18.750224241063062 -6.940347599778304 18.75717396609232 true
-6.940347599778304 18.75717396609232 -6.92158695876489 18.764104933949174 true
-6.92158695876489 18.764104933949174 -6.902819396165095 18.77101713770266 true
-6.902819396165095 18.77101713770266 -6.884044930746478 18.77791057044057 true
-6.884044930746478 18.77791057044057 -6.865263581283504 18.784785225269477 true
-6.865263581283504 18.784785225269477 -6.846475366557522 18.791641095314723 true
-6.846475366557522 18.791641095314723 -6.8276803053567425 18.798478173720437 true
-6.8276803053567425 18.798478173720437 -6.808878416476228 18.805296453649547 true
-6.808878416476228 18.805296453649547 -6.790069718717863 18.812095928283767 true
-6.790069718717863 18.812095928283767 -6.771254230890346 18.81887659082363 true
-6.771254230890346 18.81887659082363 -6.752431971809162 18.825638434488468 true
-6.752431971809162 18.825638434488468 -6.733602960296569 18.832381452516444 true
-6.733602960296569 18.832381452516444 -6.714767215181576 18.839105638164533 true
-6.714767215181576 18.839105638164533 -6.695924755299928 18.845810984708553 true
-6.695924755299928 18.845810984708553 -6.677075599494083 18.852497485443163 true
-6.677075599494083 18.852497485443163 -6.658219766613195 18.859165133681856 true
-6.658219766613195 18.859165133681856 -6.6393572755130945 18.865813922756985 true
-6.6393572755130945 18.865813922756985 -6.620488145056273 18.872443846019767 true
-6.620488145056273 18.872443846019767 -6.601612394111856 18.879054896840273 true
-6.601612394111856 18.879054896840273 -6.582730041555598 18.885647068607454 true
-6.582730041555598 18.885647068607454 -6.5638411062698445 18.892220354729147 true
-6.5638411062698445 18.892220354729147 -6.544945607143533 18.898774748632054 true
-6.544945607143533 18.898774748632054 -6.526043563072159 18.90531024376179 true
-6.526043563072159 18.90531024376179 -6.507134992957766 18.911826833582854 true
-6.507134992957766 18.911826833582854 -6.488219915708923 18.918324511578664 true
-6.488219915708923 18.918324511578664 -6.469298350240704 18.924803271251537 true
-6.469298350240704 18.924803271251537 -6.450370315474675 18.931263106122717 true
-6.450370315474675 18.931263106122717 -6.4314358303388675 18.937704009732368 true
-6.4314358303388675 18.937704009732368 -6.412494913767764 18.944125975639587 true
-6.412494913767764 18.944125975639587 -6.393547584702284 18.95052899742241 true
-6.393547584702284 18.95052899742241 -6.37459386208975 18.956913068677814 true
-6.37459386208975 18.956913068677814 -6.355633764883885 18.96327818302173 true
-6.355633764883885 18.96327818302173 -6.336667312044787 18.96962433408904 true
-6.336667312044787 18.96962433408904 -6.317694522538902 18.975951515533602 true
-6.317694522538902 18.975951515533602 -6.298715415339023 18.982259721028225 true
-6.298715415339023 18.982259721028225 -6.279730009424254 18.98854894426471 true
-6.279730009424254 18.98854894426471 -6.260738323779997 18.994819178953833 true
-6.260738323779997 18.994819178953833 -6.24174037739794 19.001070418825364 true
-6.24174037739794 19.001070418825364 -6.222736189276024 19.007302657628056 true
-6.222736189276024 19.007302657628056 -6.203725778418438 19.01351588912967 true
-6.203725778418438 19.01351588912967 -6.18470916383559 19.019710107116985 true
-6.18470916383559 19.019710107116985 -6.165686364544094 19.02588530539578 true
-6.165686364544094 19.02588530539578 -6.146657399566747 19.03204147779085 true
-6.146657399566747 19.03204147779085 -6.127622287932512 19.03817861814603 true
-6.127622287932512 19.03817861814603 -6.108581048676501 19.04429672032418 true
-6.108581048676501 19.04429672032418 -6.089533700839951 19.050395778207193 true
-6.089533700839951 19.050395778207193 -6.0704802634702055 19.05647578569602 true
-6.0704802634702055 19.05647578569602 -6.051420755620704 19.062536736710644 true
-6.051420755620704 19.062536736710644 -6.0323551963509505 19.068578625190124 true
-6.0323551963509505 19.068578625190124 -6.013283604726504 19.07460144509257 true
-6.013283604726504 19.07460144509257 -5.994205999818954 19.080605190395154 true
-5.994205999818954 19.080605190395154 -5.975122400705902 19.08658985509414 true
-5.975122400705902 19.08658985509414 -5.956032826470948 19.09255543320486 true
-5.956032826470948 19.09255543320486 -5.936937296203665 19.09850191876174 true
-5.936937296203665 19.09850191876174 -5.917835828999579 19.104429305818293 true
-5.917835828999579 19.104429305818293 -5.898728443960159 19.110337588447134 true
-5.898728443960159 19.110337588447134 -5.879615160192784 19.116226760739977 true
-5.879615160192784 19.116226760739977 -5.860495996810741 19.122096816807648 true
-5.860495996810741 19.122096816807648 -5.841370972933189 19.127947750780102 true
-5.841370972933189 19.127947750780102 -5.8222401076851495 19.1337795568064 true
-5.8222401076851495 19.1337795568064 -5.8031034201974885 19.139592229054728 true
-5.8031034201974885 19.139592229054728 -5.7839609296068915 19.14538576171243 true
-5.7839609296068915 19.14538576171243 -5.764812655055847 19.151160148985962 true
-5.764812655055847 19.151160148985962 -5.745658615692626 19.15691538510094 true
-5.745658615692626 19.15691538510094 -5.72649883067127 19.16265146430213 true
-5.72649883067127 19.16265146430213 -5.70733331915156 19.168368380853455 true
-5.70733331915156 19.168368380853455 -5.688162100299006 19.174066129037993 true
-5.688162100299006 19.174066129037993 -5.668985193284826 19.179744703158 true
-5.668985193284826 19.179744703158 -5.649802617285925 19.185404097534903 true
-5.649802617285925 19.185404097534903 -5.630614391484877 19.191044306509312 true
-5.630614391484877 19.191044306509312 -5.611420535069907 19.196665324441007 true
-5.611420535069907 19.196665324441007 -5.5922210672348704 19.20226714570898 true
-5.5922210672348704 19.20226714570898 -5.573016007179232 19.207849764711405 true
-5.573016007179232 19.207849764711405 -5.553805374108052 19.21341317586567 true
-5.553805374108052 19.21341317586567 -5.534589187231958 19.218957373608358 true
-5.534589187231958 19.218957373608358 -5.51536746576714 19.224482352395274 true
-5.51536746576714 19.224482352395274 -5.496140228935316 19.22998810670144 true
-5.496140228935316 19.22998810670144 -5.4769074959637205 19.235474631021102 true
-5.4769074959637205 19.235474631021102 -5.4576692860850855 19.240941919867737 true
-5.4576692860850855 19.240941919867737 -5.438425618537619 19.246389967774054 true
-5.438425618537619 19.246389967774054 -5.419176512564987 19.251818769292008 true
-5.419176512564987 19.251818769292008 -5.399921987416295 19.257228318992794 true
-5.399921987416295 19.257228318992794 -5.380662062346064 19.26261861146687 true
-5.380662062346064 19.26261861146687 -5.361396756614221 19.267989641323936 true
-5.361396756614221 19.267989641323936 -5.342126089486067 19.27334140319297 true
-5.342126089486067 19.27334140319297 -5.322850080232269 19.278673891722203 true
-5.322850080232269 19.278673891722203 -5.303568748128834 19.283987101579154 true
-5.303568748128834 19.283987101579154 -5.284282112457093 19.28928102745061 true
-5.284282112457093 19.28928102745061 -5.26499019250368 19.294555664042644 true
-5.26499019250368 19.294555664042644 -5.245693007560513 19.299811006080624 true
-5.245693007560513 19.299811006080624 -5.226390576924775 19.305047048309202 true
-5.226390576924775 19.305047048309202 -5.207082919898896 19.310263785492346 true
-5.207082919898896 19.310263785492346 -5.187770055790533 19.31546121241331 true
-5.187770055790533 19.31546121241331 -5.168452003912545 19.320639323874673 true
-5.168452003912545 19.320639323874673 -5.1491287835829835 19.325798114698323 true
-5.1491287835829835 19.325798114698323 -5.129800414125068 19.330937579725468 true
-5.129800414125068 19.330937579725468 -5.110466914867164 19.336057713816643 true
-5.110466914867164 19.336057713816643 -5.091128305142774 19.341158511851717 true
-5.091128305142774 19.341158511851717 -5.071784604290501 19.34623996872989 true
-5.071784604290501 19.34623996872989 -5.052435831654048 19.351302079369706 true
-5.052435831654048 19.351302079369706 -5.033082006582182 19.356344838709056 true
-5.033082006582182 19.356344838709056 -5.01372314842873 19.36136824170518 true
-5.01372314842873 19.36136824170518 -4.994359276552548 19.366372283334673 true
-4.994359276552548 19.366372283334673 -4.974990410317505 19.371356958593502 true
-4.974990410317505 19.371356958593502 -4.9556165690924665 19.376322262496984 true
-4.9556165690924665 19.376322262496984 -4.936237772251272 19.381268190079815 true
-4.936237772251272 19.381268190079815 -4.9168540391727165 19.386194736396078 true
-4.9168540391727165 19.386194736396078 -4.897465389240532 19.391101896519213 true
-4.897465389240532 19.391101896519213 -4.878071841843365 19.39598966554207 true
-4.878071841843365 19.39598966554207 -4.8586734163747645 19.40085803857688 true
-4.8586734163747645 19.40085803857688 -4.8392701322331515 19.405707010755265 true
-4.8392701322331515 19.405707010755265 -4.81986200882181 19.41053657722826 true
-4.81986200882181 19.41053657722826 -4.80044906554886 19.415346733166295 true
-4.80044906554886 19.415346733166295 -4.781031321827245 19.420137473759212 true
-4.781031321827245 19.420137473759212 -4.761608797074707 19.42490879421627 true
-4.761608797074707 19.42490879421627 -4.7421815107137695 19.429660689766163 true
-4.7421815107137695 19.429660689766163 -4.722749482171716 19.434393155656977 true
-4.722749482171716 19.434393155656977 -4.703312730880573 19.43910618715626 true
-4.703312730880573 19.43910618715626 -4.683871276277092 19.44379977955097 true
-4.683871276277092 19.44379977955097 -4.664425137802724 19.448473928147525 true
-4.664425137802724 19.448473928147525 -4.644974334903608 19.45312862827177 true
-4.644974334903608 19.45312862827177 -4.625518887030545 19.457763875269013 true
-4.625518887030545 19.457763875269013 -4.6060588136389775 19.462379664504 true
-4.6060588136389775 19.462379664504 -4.586594134188982 19.46697599136094 true
-4.586594134188982 19.46697599136094 -4.5671248681452346 19.471552851243512 true
-4.5671248681452346 19.471552851243512 -4.547651034977 19.476110239574858 true
-4.547651034977 19.476110239574858 -4.528172654158109 19.480648151797585 true
-4.528172654158109 19.480648151797585 -4.50868974516694 19.485166583373786 true
-4.50868974516694 19.485166583373786 -4.489202327486403 19.48966552978503 true
-4.489202327486403 19.48966552978503 -4.469710420603913 19.494144986532362 true
-4.469710420603913 19.494144986532362 -4.450214044011373 19.498604949136332 true
-4.450214044011373 19.498604949136332 -4.430713217205161 19.503045413136984 true
-4.430713217205161 19.503045413136984 -4.411207959686101 19.50746637409384 true
-4.411207959686101 19.50746637409384 -4.391698290959449 19.511867827585956 true
-4.391698290959449 19.511867827585956 -4.372184230534872 19.516249769211868 true
-4.372184230534872 19.516249769211868 -4.352665797926429 19.52061219458963 true
-4.352665797926429 19.52061219458963 -4.33314301265255 19.524955099356834 true
-4.33314301265255 19.524955099356834 -4.31361589423602 19.52927847917056 true
-4.31361589423602 19.52927847917056 -4.294084462203955 19.533582329707436 true
-4.294084462203955 19.533582329707436 -4.274548736087786 19.53786664666361 true
-4.274548736087786 19.53786664666361 -4.255008735423237 19.542131425754764 true
-4.255008735423237 19.542131425754764 -4.2354644797503065 19.546376662716124 true
-4.2354644797503065 19.546376662716124 -4.21591598861325 19.550602353302445 true
-4.21591598861325 19.550602353302445 -4.196363281560556 19.554808493288046 true
-4.196363281560556 19.554808493288046 -4.17680637814493 19.558995078466783 true
-4.17680637814493 19.558995078466783 -4.157245297923274 19.56316210465207 true
-4.157245297923274 19.56316210465207 -4.137680060456667 19.567309567676887 true
-4.137680060456667 19.567309567676887 -4.118110685310343 19.57143746339376 true
-4.118110685310343 19.57143746339376 -4.098537192053678 19.575545787674805 true
-4.098537192053678 19.575545787674805 -4.078959600260163 19.579634536411692 true
-4.078959600260163 19.579634536411692 -4.059377929507386 19.583703705515674 true
-4.059377929507386 19.583703705515674 -4.039792199377018 19.587753290917583 true
-4.039792199377018 19.587753290917583 -4.0202024294547885 19.591783288567832 true
-4.0202024294547885 19.591783288567832 -4.000608639330464 19.595793694436427 true
-4.000608639330464 19.595793694436427 -3.9810108485978333 19.59978450451296 true
-3.9810108485978333 19.59978450451296 -3.961409076854686 19.603755714806624 true
-3.961409076854686 19.603755714806624 -3.941803343702792 19.607707321346204 true
-3.941803343702792 19.607707321346204 -3.9221936687478824 19.611639320180096 true
-3.9221936687478824 19.611639320180096 -3.9025800715996315 19.615551707376305 true
-3.9025800715996315 19.615551707376305 -3.8829625718716345 19.619444479022437 true
-3.8829625718716345 19.619444479022437 -3.863341189181388 19.62331763122573 true
-3.863341189181388 19.62331763122573 -3.8437159431502748 19.627171160113022 true
-3.8437159431502748 19.627171160113022 -3.824086853403539 19.63100506183079 true
-3.824086853403539 19.63100506183079 -3.8044539395702683 19.63481933254514 true
-3.8044539395702683 19.63481933254514 -3.784817221283375 19.638613968441785 true
-3.784817221283375 19.638613968441785 -3.7651767181795757 19.642388965726102 true
-3.7651767181795757 19.642388965726102 -3.7455324498993727 19.646144320623087 true
-3.7455324498993727 19.646144320623087 -3.725884436087031 19.649880029377393 true
-3.725884436087031 19.649880029377393 -3.706232696390564 19.653596088253302 true
-3.706232696390564 19.653596088253302 -3.68657725046171 19.657292493534765 true
-3.68657725046171 19.657292493534765 -3.6669181179559116 19.660969241525372 true
-3.6669181179559116 19.660969241525372 -3.6472553185323022 19.664626328548373 true
-3.6472553185323022 19.664626328548373 -3.6275888718536775 19.668263750946686 true
-3.6275888718536775 19.668263750946686 -3.607918797586483 19.671881505082887 true
-3.607918797586483 19.671881505082887 -3.588245115400792 19.675479587339222 true
-3.588245115400792 19.675479587339222 -3.5685678449702847 19.679057994117606 true
-3.5685678449702847 19.679057994117606 -3.5488870059722295 19.68261672183964 true
-3.5488870059722295 19.68261672183964 -3.5292026180874636 19.686155766946595 true
-3.5292026180874636 19.686155766946595 -3.5095147010003744 19.689675125899416 true
-3.5095147010003744 19.689675125899416 -3.4898232743988764 19.69317479517876 true
-3.4898232743988764 19.69317479517876 -3.4701283579743953 19.696654771284944 true
-3.4701283579743953 19.696654771284944 -3.450429971421845 19.700115050738 true
-3.450429971421845 19.700115050738 -3.4307281344396108 19.70355563007765 true
-3.4307281344396108 19.70355563007765 -3.4110228667295277 19.706976505863306 true
-3.4110228667295277 19.706976505863306 -3.391314187996863 19.7103776746741 true
-3.391314187996863 19.7103776746741 -3.371602117950292 19.713759133108862 true
-3.371602117950292 19.713759133108862 -3.3518866763018846 19.717120877786137 true
-3.3518866763018846 19.717120877786137 -3.33216788276708 19.720462905344174 true
-3.33216788276708 19.720462905344174 -3.3124457570646704 19.72378521244095 true
-3.3124457570646704 19.72378521244095 -3.2927203189167797 19.72708779575416 true
-3.2927203189167797 19.72708779575416 -3.272991588048844 19.73037065198121 true
-3.272991588048844 19.73037065198121 -3.253259584189594 19.73363377783926 true
-3.253259584189594 19.73363377783926 -3.23352432707103 19.73687717006517 true
-3.23352432707103 19.73687717006517 -3.213785836428409 19.740100825415563 true
-3.213785836428409 19.740100825415563 -3.1940441320002195 19.74330474066677 true
-3.1940441320002195 19.74330474066677 -3.1742992335281635 19.746488912614883 true
-3.1742992335281635 19.746488912614883 -3.1545511607571393 19.74965333807573 true
-3.1545511607571393 19.74965333807573 -3.134799933435217 19.75279801388488 true
-3.134799933435217 19.75279801388488 -3.1150455713136216 19.75592293689767 true
-3.1150455713136216 19.75592293689767 -3.0952880941467154 19.759028103989163 true
-3.0952880941467154 19.759028103989163 -3.0755275216919724 19.7621135120542 true
-3.0755275216919724 19.7621135120542 -3.0557638737099646 19.765179158007374 true
-3.0557638737099646 19.765179158007374 -3.0359971699643373 19.768225038783036 true
-3.0359971699643373 19.768225038783036 -3.0162274302217935 19.771251151335306 true
-3.0162274302217935 19.771251151335306 -2.99645467425207 19.77425749263807 true
-2.99645467425207 19.77425749263807 -2.9766789218279226 19.777244059684993 true
-2.9766789218279226 19.777244059684993 -2.9569001927251017 19.780210849489503 true
-2.9569001927251017 19.780210849489503 -2.9371185067223338 19.783157859084813 true
-2.9371185067223338 19.783157859084813 -2.9173338836013043 19.78608508552391 true
-2.9173338836013043 19.78608508552391 -2.897546343146634 19.78899252587957 true
-2.897546343146634 19.78899252587957 -2.8777559051458623 19.791880177244355 true
-2.8777559051458623 19.791880177244355 -2.857962589389425 19.794748036730613 true
-2.857962589389425 19.794748036730613 -2.838166415670637 19.797596101470482 true
-2.838166415670637 19.797596101470482 -2.818367403785669 19.8004243686159 true
-2.818367403785669 19.8004243686159 -2.798565573533533 19.8032328353386 true
-2.798565573533533 19.8032328353386 -2.778760944716056 19.806021498830116 true
-2.778760944716056 19.806021498830116 -2.7589535371378666 19.80879035630178 true
-2.7589535371378666 19.80879035630178 -2.7391433706063695 19.811539404984742 true
-2.7391433706063695 19.811539404984742 -2.71933046493173 19.81426864212995 true
-2.71933046493173 19.81426864212995 -2.6995148399268523 19.816978065008165 true
-2.6995148399268523 19.816978065008165 -2.6796965154073593 19.819667670909965 true
-2.6796965154073593 19.819667670909965 -2.6598755111915744 19.82233745714575 true
-2.6598755111915744 19.82233745714575 -2.6400518471005 19.824987421045726 true
-2.6400518471005 19.824987421045726 -2.6202255429577987 19.827617559959933 true
-2.6202255429577987 19.827617559959933 -2.6003966185897727 19.830227871258234 true
-2.6003966185897727 19.830227871258234 -2.5805650938253444 19.832818352330317 true
-2.5805650938253444 19.832818352330317 -2.560730988496038 19.8353890005857 true
-2.560730988496038 19.8353890005857 -2.540894322435956 19.837939813453733 true
-2.540894322435956 19.837939813453733 -2.5210551154817633 19.840470788383605 true
-2.5210551154817633 19.840470788383605 -2.501213387472665 19.84298192284435 true
-2.501213387472665 19.84298192284435 -2.4813691582503883 19.845473214324816 true
-2.4813691582503883 19.845473214324816 -2.4615224476591595 19.847944660333724 true
-2.4615224476591595 19.847944660333724 -2.4416732755456887 19.85039625839963 true
-2.4416732755456887 19.85039625839963 -2.4218216617591457 19.85282800607093 true
-2.4218216617591457 19.85282800607093 -2.401967626151143 19.855239900915876 true
-2.401967626151143 19.855239900915876 -2.3821111885757134 19.857631940522577 true
-2.3821111885757134 19.857631940522577 -2.3622523688892945 19.860004122498992 true
-2.3622523688892945 19.860004122498992 -2.3423911869507035 19.86235644447294 true
-2.3423911869507035 19.86235644447294 -2.3225276626211206 19.864688904092095 true
-2.3225276626211206 19.864688904092095 -2.3026618157640684 19.867001499024006 true
-2.3026618157640684 19.867001499024006 -2.2827936662453925 19.86929422695607 true
-2.2827936662453925 19.86929422695607 -2.262923233933241 19.87156708559557 true
-2.262923233933241 19.87156708559557 -2.2430505386980437 19.87382007266963 true
-2.2430505386980437 19.87382007266963 -2.2231756004124947 19.876053185925283 true
-2.2231756004124947 19.876053185925283 -2.2032984389515304 19.8782664231294 true
-2.2032984389515304 19.8782664231294 -2.183419074192311 19.880459782068755 true
-2.183419074192311 19.880459782068755 -2.1635375260141996 19.88263326054998 true
-2.1635375260141996 19.88263326054998 -2.143653814298742 19.884786856399604 true
-2.143653814298742 19.884786856399604 -2.1237679589296485 19.886920567464028 true
-2.1237679589296485 19.886920567464028 -2.1038799797927736 19.889034391609542 true
-2.1038799797927736 19.889034391609542 -2.083989896776094 19.891128326722324 true
-2.083989896776094 19.891128326722324 -2.0640977297696916 19.89320237070843 true
-2.0640977297696916 19.89320237070843 -2.0442034986657314 19.895256521493828 true
-2.0442034986657314 19.895256521493828 -2.0243072233584423 19.897290777024363 true
-2.0243072233584423 19.897290777024363 -2.004408923744099 19.899305135265777 true
-2.004408923744099 19.899305135265777 -1.9845086197209991 19.901299594203717 true
-1.9845086197209991 19.901299594203717 -1.9646063311894446 19.903274151843718 true
-1.9646063311894446 19.903274151843718 -1.9447020780517228 19.905228806211227 true
-1.9447020780517228 19.905228806211227 -1.9247958802120848 19.90716355535159 true
-1.9247958802120848 19.90716355535159 -1.9048877575767271 19.909078397330056 true
-1.9048877575767271 19.909078397330056 -1.8849777300537707 19.910973330231784 true
-1.8849777300537707 19.910973330231784 -1.865065817553241 19.912848352161838 true
-1.865065817553241 19.912848352161838 -1.8451520399870494 19.914703461245203 true
-1.8451520399870494 19.914703461245203 -1.8252364172689715 19.916538655626763 true
-1.8252364172689715 19.916538655626763 -1.8053189693146285 19.91835393347133 true
-1.8053189693146285 19.91835393347133 -1.7853997160414665 19.92014929296362 true
-1.7853997160414665 19.92014929296362 -1.7654786773687372 19.92192473230828 true
-1.7654786773687372 19.92192473230828 -1.7455558732174778 19.923680249729866 true
-1.7455558732174778 19.923680249729866 -1.7256313235104905 19.925415843472866 true
-1.7256313235104905 19.925415843472866 -1.7057050481723237 19.92713151180168 true
-1.7057050481723237 19.92713151180168 -1.6857770671292507 19.92882725300064 true
-1.6857770671292507 19.92882725300064 -1.6658474003092514 19.930503065374012 true
-1.6658474003092514 19.930503065374012 -1.6459160676419902 19.93215894724598 true
-1.6459160676419902 19.93215894724598 -1.6259830890587987 19.93379489696066 true
-1.6259830890587987 19.93379489696066 -1.6060484844926535 19.935410912882105 true
-1.6060484844926535 19.935410912882105 -1.5861122738781577 19.937006993394295 true
-1.5861122738781577 19.937006993394295 -1.5661744771515205 19.938583136901155 true
-1.5661744771515205 19.938583136901155 -1.5462351142505362 19.94013934182654 true
-1.5462351142505362 19.94013934182654 -1.5262942051145667 19.941675606614247 true
-1.5262942051145667 19.941675606614247 -1.5063517696845192 19.94319192972801 true
-1.5063517696845192 19.94319192972801 -1.4864078279028274 19.9446883096515 true
-1.4864078279028274 19.9446883096515 -1.466462399713432 19.946164744888343 true
-1.466462399713432 19.946164744888343 -1.4465155050617589 19.947621233962106 true
-1.4465155050617589 19.947621233962106 -1.426567163894701 19.949057775416296 true
-1.426567163894701 19.949057775416296 -1.4066173961605986 19.950474367814376 true
-1.4066173961605986 19.950474367814376 -1.3866662218092167 19.951871009739747 true
-1.3866662218092167 19.951871009739747 -1.3667136607917292 19.953247699795774 true
-1.3667136607917292 19.953247699795774 -1.3467597330606942 19.95460443660576 true
-1.3467597330606942 19.95460443660576 -1.3268044585700387 19.955941218812974 true
-1.3268044585700387 19.955941218812974 -1.306847857275035 19.957258045080632 true
-1.306847857275035 19.957258045080632 -1.2868899491322834 19.95855491409191 true
-1.2868899491322834 19.95855491409191 -1.2669307540996892 19.959831824549937 true
-1.2669307540996892 19.959831824549937 -1.246970292136447 19.9610887751778 true
-1.246970292136447 19.9610887751778 -1.2270085832030162 19.96232576471855 true
-1.2270085832030162 19.96232576471855 -1.2070456472611046 19.963542791935204 true
-1.2070456472611046 19.963542791935204 -1.1870815042736464 19.964739855610727 true
-1.1870815042736464 19.964739855610727 -1.1671161742047829 19.965916954548057 true
-1.1671161742047829 19.965916954548057 -1.1471496770198424 19.967074087570097 true
-1.1471496770198424 19.967074087570097 -1.1271820326853204 19.968211253519716 true
-1.1271820326853204 19.968211253519716 -1.1072132611688597 19.96932845125974 true
-1.1072132611688597 19.96932845125974 -1.08724338243923 19.97042567967298 true
-1.08724338243923 19.97042567967298 -1.0672724164663085 19.97150293766221 true
-1.0672724164663085 19.97150293766221 -1.0473003832210597 19.972560224150158 true
-1.0473003832210597 19.972560224150158 -1.0273273026755145 19.973597538079552 true
-1.0273273026755145 19.973597538079552 -1.0073531948027528 19.974614878413067 true
-1.0073531948027528 19.974614878413067 -0.9873780795768798 19.975612244133373 true
-0.9873780795768798 19.975612244133373 -0.9674019769730097 19.976589634243098 true
-0.9674019769730097 19.976589634243098 -0.9474249069672431 19.97754704776485 true
-0.9474249069672431 19.97754704776485 -0.9274468895366486 19.978484483741223 true
-0.9274468895366486 19.978484483741223 -0.9074679446592417 19.979401941234777 true
-0.9074679446592417 19.979401941234777 -0.8874880923139661 19.980299419328055 true
-0.8874880923139661 19.980299419328055 -0.8675073524806719 19.981176917123577 true
-0.8675073524806719 19.981176917123577 -0.8475257451400975 19.982034433743845 true
-0.8475257451400975 19.982034433743845 -0.8275432902738487 19.98287196833135 true
-0.8275432902738487 19.98287196833135 -0.8075600078643784 19.983689520048546 true
-0.8075600078643784 19.983689520048546 -0.7875759178949677 19.984487088077888 true
-0.7875759178949677 19.984487088077888 -0.7675910403497046 19.985264671621813 true
-0.7675910403497046 19.985264671621813 -0.7476053952134654 19.986022269902726 true
-0.7476053952134654 19.986022269902726 -0.727619002471893 19.986759882163035 true
-0.727619002471893 19.986759882163035 -0.707631882111379 19.98747750766513 true
-0.707631882111379 19.98747750766513 -0.6876440541190415 19.988175145691383 true
-0.6876440541190415 19.988175145691383 -0.6676555384827075 19.988852795544155 true
-0.6676555384827075 19.988852795544155 -0.6476663551908906 19.989510456545794 true
-0.6476663551908906 19.989510456545794 -0.6276765242327722 19.990148128038648 true
-0.6276765242327722 19.990148128038648 -0.6076860655981822 19.99076580938504 true
-0.6076860655981822 19.99076580938504 -0.5876949992775772 19.99136349996728 true
-0.5876949992775772 19.99136349996728 -0.5677033452620218 19.991941199187696 true
-0.5677033452620218 19.991941199187696 -0.5477111235431685 19.992498906468573 true
-0.5477111235431685 19.992498906468573 -0.5277183541132373 19.993036621252212 true
-0.5277183541132373 19.993036621252212 -0.5077250569649959 19.993554343000895 true
-0.5077250569649959 19.993554343000895 -0.4877312520917399 19.9940520711969 true
-0.4877312520917399 19.9940520711969 -0.46773695948727245 19.994529805342502 true
-0.46773695948727245 19.994529805342502 -0.44774219914588453 19.99498754495996 true
-0.44774219914588453 19.99498754495996 -0.42774699106233466 19.995425289591545 true
-0.42774699106233466 19.995425289591545 -0.4077513552318295 19.995843038799507 true
-0.4077513552318295 19.995843038799507 -0.387755311650003 19.99624079216609 true
-0.387755311650003 19.99624079216609 -0.3677588803128972 19.99661854929355 true
-0.3677588803128972 19.99661854929355 -0.34776208121694174 19.996976309804133 true
-0.34776208121694174 19.996976309804133 -0.327764934358934 19.997314073340068 true
-0.327764934358934 19.997314073340068 -0.30776745973601927 19.997631839563596 true
-0.30776745973601927 19.997631839563596 -0.28776967734567044 19.99792960815695 true
-0.28776967734567044 19.99792960815695 -0.2677716071856682 19.998207378822364 true
-0.2677716071856682 19.998207378822364 -0.24777326925408114 19.998465151282062 true
-0.24777326925408114 19.998465151282062 -0.22777468354924543 19.99870292527828 true
-0.22777468354924543 19.99870292527828 -0.20777587006974518 19.998920700573237 true
-0.20777587006974518 19.998920700573237 -0.18777684881439216 19.99911847694916 true
-0.18777684881439216 19.99911847694916 -0.167777639782206 19.999296254208275 true
-0.167777639782206 19.999296254208275 -0.14777826297239402 19.9994540321728 true
-0.14777826297239402 19.9994540321728 -0.1277787383843314 19.99959181068496 true
-0.1277787383843314 19.99959181068496 -0.107779086017541 19.999709589606976 true
-0.107779086017541 19.999709589606976 -0.0877793258716736 19.999807368821067 true
-0.0877793258716736 19.999807368821067 -0.06777947794648764 19.99988514822946 true
-0.06777947794648764 19.99988514822946 -0.047779562241829374 19.99994292775437 true
-0.047779562241829374 19.99994292775437 -0.027779598757612857 19.99998070733802 true
-0.027779598757612857 19.99998070733802 -0.007779607493799888 19.999998486942623 true
-0.007779607493799888 19.999998486942623 0.012220391549619923 19.99999626655041 true
0.012220391549619923 19.99999626655041 0.032220378372649204 19.999974046163597 true
0.032220378372649204 19.999974046163597 0.05222033297530279 19.999931825804406 true
0.05222033297530279 19.999931825804406 0.07222023535762777 19.999869605515055 true
0.07222023535762777 19.999869605515055 0.0922200655197234 19.999787385357763 true
0.0922200655197234 19.999787385357763 0.11221980346176119 19.999685165414757 true
0.11221980346176119 19.999685165414757 0.13221942918400487 19.99956294578825 true
0.13221942918400487 19.99956294578825 0.15221892268683038 19.99942072660046 true
0.15221892268683038 19.99942072660046 0.1722182639707459 19.999258507993613 true
0.1722182639707459 19.999258507993613 0.1922174330364118 19.999076290129924 true
0.1922174330364118 19.999076290129924 0.2122164098846607 19.99887407319161 true
0.2122164098846607 19.99887407319161 0.23221517451651738 19.998651857380892 true
0.23221517451651738 19.998651857380892 0.2522137069332189 19.998409642919984 true
0.2522137069332189 19.998409642919984 0.27221198713623446 19.998147430051098 true
0.27221198713623446 19.998147430051098 0.2922099951272856 19.99786521903645 true
0.2922099951272856 19.99786521903645 0.312207710908366 19.997563010158245 true
0.312207710908366 19.997563010158245 0.33220511448176143 19.9972408037187 true
0.33220511448176143 19.9972408037187 0.3522021858500701 19.99689860004002 true
0.3522021858500701 19.99689860004002 0.3721989050162223 19.996536399464404 true
0.3721989050162223 19.996536399464404 0.39219525198350047 19.99615420235405 true
0.39219525198350047 19.99615420235405 0.41219120675555937 19.995752009091166 true
0.41219120675555937 19.995752009091166 0.43218674933644585 19.995329820077938 true
0.43218674933644585 19.995329820077938 0.45218185973061903 19.994887635736557 true
0.45218185973061903 19.994887635736557 0.4721765179429701 19.994425456509205 true
0.4721765179429701 19.994425456509205 0.4921707039788426 19.99394328285806 true
0.4921707039788426 19.99394328285806 0.5121643978440522 19.993441115265302 true
0.5121643978440522 19.993441115265302 0.5321575795449065 19.992918954233094 true
0.5321575795449065 19.992918954233094 0.5521502290882256 19.992376800283598 true
0.5521502290882256 19.992376800283598 0.5721423264813618 19.99181465395897 true
0.5721423264813618 19.99181465395897 0.5921338517322191 19.99123251582135 true
0.5921338517322191 19.99123251582135 0.612124784849274 19.99063038645288 true
0.612124784849274 19.99063038645288 0.6321151058415951 19.990008266455693 true
0.6321151058415951 19.990008266455693 0.652104794718863 19.9893661564519 true
0.652104794718863 19.9893661564519 0.6720938314913906 19.988704057083623 true
0.6720938314913906 19.988704057083623 0.6920821961701427 19.98802196901295 true
0.6920821961701427 19.98802196901295 0.712069868766756 19.987319892921974 true
0.712069868766756 19.987319892921974 0.7320568292935603 19.986597829512775 true
0.7320568292935603 19.986597829512775 0.752043057763596 19.985855779507407 true
0.752043057763596 19.985855779507407 0.7720285341906368 19.985093743647926 true
0.7720285341906368 19.985093743647926 0.7920132385892077 19.984311722696365 true
0.7920132385892077 19.984311722696365 0.811997150974606 19.98350971743475 true
0.811997150974606 19.98350971743475 0.831980251362921 19.982687728665084 true
0.831980251362921 19.982687728665084 0.851962519771054 19.98184575720935 true
0.851962519771054 19.98184575720935 0.871943936216738 19.980983803909528 true
0.871943936216738 19.980983803909528 0.8919244807185588 19.980101869627564 true
0.8919244807185588 19.980101869627564 0.911904133295973 19.9791999552454 true
0.911904133295973 19.9791999552454 0.9318828739693298 19.97827806166494 true
0.9318828739693298 19.97827806166494 0.9518606827598906 19.977336189808085 true
0.9518606827598906 19.977336189808085 0.9718375396898477 19.976374340616708 true
0.9718375396898477 19.976374340616708 0.9918134247823461 19.975392515052654 true
0.9918134247823461 19.975392515052654 1.0117883180615024 19.974390714097748 true
1.0117883180615024 19.974390714097748 1.031762199552425 19.97336893875379 true
1.031762199552425 19.97336893875379 1.051735049281234 19.972327190042563 true
1.051735049281234 19.972327190042563 1.0717068472750815 19.971265469005807 true
1.0717068472750815 19.971265469005807 1.0916775735621709 19.970183776705245 true
1.0916775735621709 19.970183776705245 1.1116472081717776 19.969082114222573 true
1.1116472081717776 19.969082114222573 1.131615731134269 19.96796048265945 true
1.131615731134269 19.96796048265945 1.1515831224811235 19.96681888313751 true
1.1515831224811235 19.96681888313751 1.1715493622449513 19.96565731679835 true
1.1715493622449513 19.96565731679835 1.1915144304595147 19.964475784803536 true
1.1915144304595147 19.964475784803536 1.2114783071597468 19.9632742883346 true
1.2114783071597468 19.9632742883346 1.2314409723817727 19.96205282859304 true
1.2314409723817727 19.96205282859304 1.251402406162929 19.960811406800318 true
1.251402406162929 19.960811406800318 1.2713625885417834 19.95955002419785 true
1.2713625885417834 19.95955002419785 1.2913214995581552 19.95826868204702 true
1.2913214995581552 19.95826868204702 1.3112791192531348 19.95696738162917 true
1.3112791192531348 19.95696738162917 1.3312354276691045 19.955646124245604 true
1.3312354276691045 19.955646124245604 1.3511904048497576 19.954304911217577 true
1.3511904048497576 19.954304911217577 1.3711440308401186 19.9529437438863 true
1.3711440308401186 19.9529437438863 1.3910962856865627 19.951562623612944 true
1.3910962856865627 19.951562623612944 1.411047149436837 19.950161551778628 true
1.411047149436837 19.950161551778628 1.4309966021400797 19.94874052978442 true
1.4309966021400797 19.94874052978442 1.4509446238468393 19.947299559051345 true
1.4509446238468393 19.947299559051345 1.4708911946090961 19.945838641020373 true
1.4708911946090961 19.945838641020373 1.4908362944802809 19.944357777152423 true
1.4908362944802809 19.944357777152423 1.5107799035152956 19.942856968928357 true
1.5107799035152956 19.942856968928357 1.5307220017705323 19.941336217848985 true
1.5307220017705323 19.941336217848985 1.5506625693038951 19.939795525435056 true
1.5506625693038951 19.939795525435056 1.5706015861748177 19.93823489322726 true
1.5706015861748177 19.93823489322726 1.5905390324442847 19.93665432278624 true
1.5905390324442847 19.93665432278624 1.6104748881748523 19.93505381569255 true
1.6104748881748523 19.93505381569255 1.6304091334306656 19.933433373546713 true
1.6304091334306656 19.933433373546713 1.6503417482774816 19.93179299796916 true
1.6503417482774816 19.93179299796916 1.6702727127826866 19.93013269060027 true
1.6702727127826866 19.93013269060027 1.690202007015318 19.928452453100352 true
1.690202007015318 19.928452453100352 1.7101296110460833 19.92675228714964 true
1.7101296110460833 19.92675228714964 1.7300555049473805 19.9250321944483 true
1.7300555049473805 19.9250321944483 1.7499796687933165 19.923292176716426 true
1.7499796687933165 19.923292176716426 1.7699020826597294 19.921532235694038 true
1.7699020826597294 19.921532235694038 1.7898227266242073 19.919752373141076 true
1.7898227266242073 19.919752373141076 1.8097415807661077 19.917952590837398 true
1.8097415807661077 19.917952590837398 1.829658625166578 19.91613289058279 true
1.829658625166578 19.91613289058279 1.849573839908576 19.914293274196947 true
1.849573839908576 19.914293274196947 1.8694872050768878 19.912433743519497 true
1.8694872050768878 19.912433743519497 1.8893987007581505 19.910554300409956 true
1.8893987007581505 19.910554300409956 1.90930830704087 19.908654946747777 true
1.90930830704087 19.908654946747777 1.9292160040154416 19.90673568443231 true
1.9292160040154416 19.90673568443231 1.9491217717741696 19.904796515382817 true
1.9491217717741696 19.904796515382817 1.9690255904112886 19.902837441538466 true
1.9690255904112886 19.902837441538466 1.988927440022981 19.900858464858334 true
1.988927440022981 19.900858464858334 2.0088273007073996 19.898859587321397 true
2.0088273007073996 19.898859587321397 2.028725152564684 19.896840810926527 true
2.028725152564684 19.896840810926527 2.048620975696986 19.89480213769251 true
2.048620975696986 19.89480213769251 2.0685147502084824 19.892743569658005 true
2.0685147502084824 19.892743569658005 2.088406456205401 19.890665108881592 true
2.088406456205401 19.890665108881592 2.1082960737960375 19.88856675744173 true
2.1082960737960375 19.88856675744173 2.1281835830907756 19.886448517436765 true
2.1281835830907756 19.886448517436765 2.1480689642021082 19.88431039098494 true
2.1480689642021082 19.88431039098494 2.167952197244656 19.882152380224383 true
2.167952197244656 19.882152380224383 2.1878332623351864 19.879974487313103 true
2.1878332623351864 19.879974487313103 2.2077121395926373 19.877776714428986 true
2.2077121395926373 19.877776714428986 2.227588809138133 19.87555906376982 true
2.227588809138133 19.87555906376982 2.247463251095004 19.873321537553238 true
2.247463251095004 19.873321537553238 2.267335445588812 19.87106413801678 true
2.267335445588812 19.87106413801678 2.2872053727473634 19.86878686741784 true
2.2872053727473634 19.86878686741784 2.3070730127007324 19.866489728033688 true
2.3070730127007324 19.866489728033688 2.326938345581281 19.86417272216146 true
2.326938345581281 19.86417272216146 2.3468013515236783 19.86183585211817 true
2.3468013515236783 19.86183585211817 2.366662010664919 19.859479120240678 true
2.366662010664919 19.859479120240678 2.3865203031443465 19.857102528885726 true
2.3865203031443465 19.857102528885726 2.4063762091036702 19.854706080429896 true
2.4063762091036702 19.854706080429896 2.426229708686985 19.85228977726964 true
2.426229708686985 19.85228977726964 2.446080782040793 19.849853621821264 true
2.446080782040793 19.849853621821264 2.465929409314023 19.847397616520915 true
2.465929409314023 19.847397616520915 2.485775570658049 19.84492176382461 true
2.485775570658049 19.84492176382461 2.5056192462267117 19.84242606620819 true
2.5056192462267117 19.84242606620819 2.525460416176337 19.839910526167362 true
2.525460416176337 19.839910526167362 2.545299060665757 19.837375146217656 true
2.545299060665757 19.837375146217656 2.565135159856328 19.83481992889446 true
2.565135159856328 19.83481992889446 2.5849686939119527 19.832244876752988 true
2.5849686939119527 19.832244876752988 2.6047996429990987 19.82964999236829 true
2.6047996429990987 19.82964999236829 2.6246279872868197 19.827035278335256 true
2.6246279872868197 19.827035278335256 2.644453706946771 19.824400737268594 true
2.644453706946771 19.824400737268594 2.6642767821532365 19.821746371802845 true
2.6642767821532365 19.821746371802845 2.6840971930831414 19.819072184592375 true
2.6840971930831414 19.819072184592375 2.7039149199160772 19.816378178311375 true
2.7039149199160772 19.816378178311375 2.7237299428343187 19.813664355653845 true
2.7237299428343187 19.813664355653845 2.743542242022844 19.810930719333616 true
2.743542242022844 19.810930719333616 2.7633517976693556 19.808177272084315 true
2.7633517976693556 19.808177272084315 2.7831585899643003 19.80540401665939 true
2.7831585899643003 19.80540401665939 2.8029625991008866 19.8026109558321 true
2.8029625991008866 19.8026109558321 2.822763805275108 19.79979809239551 true
2.822763805275108 19.79979809239551 2.8425621886857586 19.796965429162473 true
2.8425621886857586 19.796965429162473 2.8623577295344576 19.794112968965656 true
2.8623577295344576 19.794112968965656 2.882150408025666 19.79124071465752 true
2.882150408025666 19.79124071465752 2.9019402043667064 19.78834866911032 true
2.9019402043667064 19.78834866911032 2.921727098767784 19.785436835216096 true
2.921727098767784 19.785436835216096 2.9415110714420063 19.78250521588669 true
2.9415110714420063 19.78250521588669 2.961292102605402 19.779553814053717 true
2.961292102605402 19.779553814053717 2.981070172476943 19.776582632668575 true
2.981070172476943 19.776582632668575 3.000845261278559 19.77359167470245 true
3.000845261278559 19.77359167470245 3.020617349235164 19.770580943146296 true
3.020617349235164 19.770580943146296 3.0403864165746715 19.76755044101085 true
3.0403864165746715 19.76755044101085 3.0601524435280156 19.76450017132661 true
3.0601524435280156 19.76450017132661 3.0799154103291713 19.761430137143844 true
3.0799154103291713 19.761430137143844 3.0996752972151738 19.758340341532584 true
3.0996752972151738 19.758340341532584 3.1194320844261365 19.755230787582633 true
3.1194320844261365 19.755230787582633 3.1391857522052753 19.752101478403542 true
3.1391857522052753 19.752101478403542 3.1589362807989234 19.748952417124617 true
3.1589362807989234 19.748952417124617 3.178683650456554 19.74578360689492 true
3.178683650456554 19.74578360689492 3.1984278414307985 19.742595050883263 true
3.1984278414307985 19.742595050883263 3.218168833977469 19.7393867522782 true
3.218168833977469 19.7393867522782 3.2379066083555728 19.73615871428803 true
3.2379066083555728 19.73615871428803 3.257641144827339 19.73291094014079 true
3.257641144827339 19.73291094014079 3.2773724236582313 19.729643433084252 true
3.2773724236582313 19.729643433084252 3.297100425116973 19.72635619638593 true
3.297100425116973 19.72635619638593 3.3168251294755646 19.72304923333305 true
3.3168251294755646 19.72304923333305 3.3365465170093027 19.719722547232582 true
3.3365465170093027 19.719722547232582 3.3562645679968024 19.71637614141121 true
3.3562645679968024 19.71637614141121 3.375979262720014 19.713010019215343 true
3.375979262720014 19.713010019215343 3.3956905814642435 19.709624184011094 true
3.3956905814642435 19.709624184011094 3.4153985045181745 19.706218639184307 true
3.4153985045181745 19.706218639184307 3.4351030121738857 19.702793388140524 true
3.4351030121738857 19.702793388140524 3.454804084726871 19.69934843430499 true
3.454804084726871 19.69934843430499 3.47450170247606 19.695883781122667 true
3.47450170247606 19.695883781122667 3.4941958457238353 19.692399432058206 true
3.4941958457238353 19.692399432058206 3.513886494776057 19.688895390595953 true
3.513886494776057 19.688895390595953 3.5335736299420755 19.685371660239944 true
3.5335736299420755 19.685371660239944 3.5532572315347593 19.681828244513923 true
3.5532572315347593 19.681828244513923 3.5729372798705077 19.678265146961294 true
3.5729372798705077 19.678265146961294 3.592613755269274 19.674682371145156 true
3.592613755269274 19.674682371145156 3.6122866380545835 19.67107992064829 true
3.6122866380545835 19.67107992064829 3.631955908553557 19.66745779907314 true
3.631955908553557 19.66745779907314 3.651621547096924 19.66381601004183 true
3.651621547096924 19.66381601004183 3.6712835340190493 19.66015455719615 true
3.6712835340190493 19.66015455719615 3.6909418496579454 19.65647344419755 true
3.6909418496579454 19.65647344419755 3.7105964743552997 19.65277267472715 true
3.7105964743552997 19.65277267472715 3.730247388456489 19.649052252485703 true
3.730247388456489 19.649052252485703 3.7498945723106 19.64531218119365 true
3.7498945723106 19.64531218119365 3.769538006270452 19.641552464591044 true
3.769538006270452 19.641552464591044 3.7891776706926117 19.637773106437617 true
3.7891776706926117 19.637773106437617 3.808813545937417 19.633974110512717 true
3.808813545937417 19.633974110512717 3.8284456123689923 19.630155480615343 true
3.8284456123689923 19.630155480615343 3.8480738503552754 19.626317220564125 true
3.8480738503552754 19.626317220564125 3.867698240268029 19.622459334197323 true
3.867698240268029 19.622459334197323 3.8873187624828636 19.618581825372818 true
3.8873187624828636 19.618581825372818 3.9069353973792604 19.614684697968126 true
3.9069353973792604 19.614684697968126 3.9265481253405854 19.61076795588037 true
3.9265481253405854 19.61076795588037 3.946156926754112 19.60683160302629 true
3.946156926754112 19.60683160302629 3.965761782011041 19.602875643342244 true
3.965761782011041 19.602875643342244 3.985362671506518 19.598900080784187 true
3.985362671506518 19.598900080784187 4.004959575639655 19.594904919327682 true
4.004959575639655 19.594904919327682 4.024552474813552 19.59089016296789 true
4.024552474813552 19.59089016296789 4.044141349435309 19.58685581571957 true
4.044141349435309 19.58685581571957 4.063726179916053 19.582801881617065 true
4.063726179916053 19.582801881617065 4.083306946670955 19.578728364714312 true
4.083306946670955 19.578728364714312 4.102883630119251 19.574635269084823 true
4.102883630119251 19.574635269084823 4.12245621068426 19.570522598821697 true
4.12245621068426 19.570522598821697 4.142024668793401 19.566390358037605 true
4.142024668793401 19.566390358037605 4.161588984878218 19.562238550864784 true
4.161588984878218 19.562238550864784 4.181149139374398 19.55806718145504 true
4.181149139374398 19.55806718145504 4.200705112721786 19.553876253979748 true
4.200705112721786 19.553876253979748 4.220256885364412 19.54966577262983 true
4.220256885364412 19.54966577262983 4.239804437750504 19.54543574161577 true
4.239804437750504 19.54543574161577 4.259347750332512 19.541186165167595 true
4.259347750332512 19.541186165167595 4.278886803567124 19.53691704753488 true
4.278886803567124 19.53691704753488 4.298421577915289 19.53262839298675 true
4.298421577915289 19.53262839298675 4.317952053842235 19.528320205811855 true
4.317952053842235 19.528320205811855 4.337478211817486 19.52399249031838 true
4.337478211817486 19.52399249031838 4.357000032314887 19.519645250834046 true
4.357000032314887 19.519645250834046 4.376517495812619 19.515278491706084 true
4.376517495812619 19.515278491706084 4.39603058279322 19.510892217301258 true
4.39603058279322 19.510892217301258 4.415539273743604 19.506486432005836 true
4.415539273743604 19.506486432005836 4.435043549155083 19.502061140225614 true
4.435043549155083 19.502061140225614 4.454543389523382 19.497616346385872 true
4.454543389523382 19.497616346385872 4.474038775348662 19.49315205493141 true
4.474038775348662 19.49315205493141 4.49352968713554 19.488668270326517 true
4.49352968713554 19.488668270326517 4.513016105393105 19.48416499705498 true
4.513016105393105 19.48416499705498 4.532498010634942 19.479642239620066 true
4.532498010634942 19.479642239620066 4.551975383379146 19.47510000254454 true
4.551975383379146 19.47510000254454 4.571448204148345 19.47053829037063 true
4.571448204148345 19.47053829037063 4.59091645346972 19.465957107660053 true
4.59091645346972 19.465957107660053 4.610380111875026 19.461356458993993 true
4.610380111875026 19.461356458993993 4.629839159900603 19.456736348973095 true
4.629839159900603 19.456736348973095 4.6492935780874065 19.45209678221747 true
4.6492935780874065 19.45209678221747 4.668743346981019 19.447437763366683 true
4.668743346981019 19.447437763366683 4.688188447131674 19.44275929707975 true
4.688188447131674 19.44275929707975 4.707628859094272 19.438061388035145 true
4.707628859094272 19.438061388035145 4.727064563428404 19.43334404093077 true
4.727064563428404 19.43334404093077 4.7464955406983655 19.42860726048397 true
4.7464955406983655 19.42860726048397 4.765921771473182 19.423851051431534 true
4.765921771473182 19.423851051431534 4.785343236326625 19.419075418529662 true
4.785343236326625 19.419075418529662 4.80475991583723 19.414280366553992 true
4.80475991583723 19.414280366553992 4.824171790588319 19.409465900299573 true
4.824171790588319 19.409465900299573 4.8435788411680205 19.40463202458087 true
4.8435788411680205 19.40463202458087 4.862981048169283 19.39977874423176 true
4.862981048169283 19.39977874423176 4.882378392189904 19.39490606410552 true
4.882378392189904 19.39490606410552 4.90177085383254 19.390013989074834 true
4.90177085383254 19.390013989074834 4.921158413704729 19.385102524031776 true
4.921158413704729 19.385102524031776 4.940541052418915 19.38017167388781 true
4.940541052418915 19.38017167388781 4.959918750592461 19.375221443573782 true
4.959918750592461 19.375221443573782 4.979291488847669 19.370251838039927 true
4.979291488847669 19.370251838039927 4.998659247811803 19.365262862255847 true
4.998659247811803 19.365262862255847 5.018022008117107 19.36025452121052 true
5.018022008117107 19.36025452121052 5.037379750400818 19.355226819912282 true
5.037379750400818 19.355226819912282 5.056732455305202 19.35017976338884 true
5.056732455305202 19.35017976338884 5.07608010347755 19.345113356687246 true
5.07608010347755 19.345113356687246 5.095422675570218 19.34002760487391 true
5.095422675570218 19.34002760487391 5.1147601522406365 19.334922513034577 true
5.1147601522406365 19.334922513034577 5.134092514151327 19.329798086274344 true
5.134092514151327 19.329798086274344 5.153419741969931 19.324654329717635 true
5.153419741969931 19.324654329717635 5.172741816369224 19.319491248508207 true
5.172741816369224 19.319491248508207 5.1920587180271305 19.31430884780914 true
5.1920587180271305 19.31430884780914 5.211370427626752 19.309107132802836 true
5.211370427626752 19.309107132802836 5.23067692585638 19.30388610869101 true
5.23067692585638 19.30388610869101 5.249978193409519 19.298645780694677 true
5.249978193409519 19.298645780694677 5.269274210984901 19.293386154054176 true
5.269274210984901 19.293386154054176 5.288564959286512 19.28810723402913 true
5.288564959286512 19.28810723402913 5.3078504190236035 19.282809025898455 true
5.3078504190236035 19.282809025898455 5.327130570910718 19.27749153496036 true
5.327130570910718 19.27749153496036 5.346405395667707 19.272154766532342 true
5.346405395667707 19.272154766532342 5.365674874019745 19.26679872595116 true
5.365674874019745 19.26679872595116 5.384938986697357 19.261423418572857 true
5.384938986697357 19.261423418572857 5.40419771443643 19.25602884977274 true
5.40419771443643 19.25602884977274 5.423451037978238 19.25061502494538 true
5.423451037978238 19.25061502494538 5.442698938069461 19.245181949504598 true
5.442698938069461 19.245181949504598 5.461941395462199 19.239729628883467 true
5.461941395462199 19.239729628883467 5.481178390913999 19.234258068534317 true
5.481178390913999 19.234258068534317 5.500409905187863 19.228767273928696 true
5.500409905187863 19.228767273928696 5.519635919052281 19.223257250557406 true
5.519635919052281 19.223257250557406 5.538856413281238 19.217728003930468 true
5.538856413281238 19.217728003930468 5.558071368654245 19.212179539577125 true
5.558071368654245 19.212179539577125 5.577280765956346 19.206611863045847 true
5.577280765956346 19.206611863045847 5.596484585978145 19.201024979904304 true
5.596484585978145 19.201024979904304 5.615682809515826 19.19541889573938 true
5.615682809515826 19.19541889573938 5.634875417371164 19.18979361615716 true
5.634875417371164 19.18979361615716 5.654062390351555 19.184149146782925 true
5.654062390351555 19.184149146782925 5.673243709270027 19.178485493261142 true
5.673243709270027 19.178485493261142 5.692419354945263 19.172802661255464 true
5.692419354945263 19.172802661255464 5.711589308201617 19.16710065644872 true
5.711589308201617 19.16710065644872 5.7307535498691395 19.16137948454292 true
5.7307535498691395 19.16137948454292 5.74991206078359 19.15563915125923 true
5.74991206078359 19.15563915125923 5.769064821786458 19.149879662337984 true
5.769064821786458 19.149879662337984 5.788211813724985 19.144101023538674 true
5.788211813724985 19.144101023538674 5.807353017452181 19.138303240639935 true
5.807353017452181 19.138303240639935 5.826488413826843 19.13248631943955 true
5.826488413826843 19.13248631943955 5.845617983713578 19.126650265754442 true
5.845617983713578 19.126650265754442 5.864741707982816 19.12079508542066 true
5.864741707982816 19.12079508542066 5.883859567510834 19.114920784293385 true
5.883859567510834 19.114920784293385 5.902971543179776 19.10902736824692 true
5.902971543179776 19.10902736824692 5.922077615877665 19.103114843174676 true
5.922077615877665 19.103114843174676 5.941177766498433 19.097183214989187 true
5.941177766498433 19.097183214989187 5.960271975941929 19.09123248962207 true
5.960271975941929 19.09123248962207 5.979360225113945 19.085262673024054 true
5.979360225113945 19.085262673024054 5.998442494926236 19.079273771164956 true
5.998442494926236 19.079273771164956 6.017518766296531 19.07326579003368 true
6.017518766296531 19.07326579003368 6.036589020148561 19.067238735638202 true
6.036589020148561 19.067238735638202 6.055653237412074 19.061192614005577 true
6.055653237412074 19.061192614005577 6.0747113990228545 19.055127431181923 true
6.0747113990228545 19.055127431181923 6.093763485922742 19.04904319323243 true
6.093763485922742 19.04904319323243 6.112809479059651 19.042939906241326 true
6.112809479059651 19.042939906241326 6.131849359387591 19.036817576311908 true
6.131849359387591 19.036817576311908 6.150883107866683 19.0306762095665 true
6.150883107866683 19.0306762095665 6.169910705463178 19.024515812146465 true
6.169910705463178 19.024515812146465 6.188932133149483 19.018336390212205 true
6.188932133149483 19.018336390212205 6.2079473719041705 19.01213794994314 true
6.2079473719041705 19.01213794994314 6.226956402712003 19.00592049753771 true
6.226956402712003 19.00592049753771 6.245959206563953 18.999684039213363 true
6.245959206563953 18.999684039213363 6.264955764457215 18.99342858120656 true
6.264955764457215 18.99342858120656 6.2839460573952355 18.98715412977276 true
6.2839460573952355 18.98715412977276 6.302930066387722 18.980860691186415 true
6.302930066387722 18.980860691186415 6.321907772450668 18.974548271740957 true
6.321907772450668 18.974548271740957 6.340879156606367 18.968216877748812 true
6.340879156606367 18.968216877748812 6.3598441998834385 18.961866515541367 true
6.3598441998834385 18.961866515541367 6.37880288331684 18.95549719146899 true
6.37880288331684 18.95549719146899 6.397755187947891 18.949108911901 true
6.397755187947891 18.949108911901 6.416701094824287 18.942701683225675 true
6.416701094824287 18.942701683225675 6.435640585000121 18.936275511850248 true
6.435640585000121 18.936275511850248 6.454573639535908 18.92983040420088 true
6.454573639535908 18.92983040420088 6.473500239498593 18.923366366722693 true
6.473500239498593 18.923366366722693 6.492420365961578 18.916883405879716 true
6.492420365961578 18.916883405879716 6.511334000004737 18.910381528154907 true
6.511334000004737 18.910381528154907 6.53024112271444 18.903860740050145 true
6.53024112271444 18.903860740050145 6.5491417151835645 18.89732104808622 true
6.5491417151835645 18.89732104808622 6.568035758511518 18.890762458802822 true
6.568035758511518 18.890762458802822 6.586923233804262 18.884184978758537 true
6.586923233804262 18.884184978758537 6.6058041221743204 18.87758861453085 true
6.6058041221743204 18.87758861453085 6.624678404740806 18.87097337271612 true
6.624678404740806 18.87097337271612 6.643546062629441 18.86433925992959 true
6.643546062629441 18.86433925992959 6.662407076972565 18.85768628280537 true
6.662407076972565 18.85768628280537 6.681261428909169 18.85101444799644 true
6.681261428909169 18.85101444799644 6.7001090995849 18.844323762174636 true
6.7001090995849 18.844323762174636 6.71895007015209 18.83761423203064 true
6.71895007015209 18.83761423203064 6.737784321769769 18.830885864273977 true
6.737784321769769 18.830885864273977 6.756611835603689 18.824138665633022 true
6.756611835603689 18.824138665633022 6.775432592826335 18.81737264285497 true
6.775432592826335 18.81737264285497 6.794246574616953 18.810587802705843 true
6.794246574616953 18.810587802705843 6.813053762161564 18.80378415197048 true
6.813053762161564 18.80378415197048 6.8318541366529795 18.79696169745253 true
6.8318541366529795 18.79696169745253 6.8506476792908275 18.790120445974456 true
6.8506476792908275 18.790120445974456 6.869434371281567 18.783260404377494 true
6.869434371281567 18.783260404377494 6.888214193838509 18.776381579521697 true
6.888214193838509 18.776381579521697 6.9069871281818305 18.769483978285884 true
6.9069871281818305 18.769483978285884 6.925753155538599 18.762567607567657 true
6.925753155538599 18.762567607567657 6.944512257142788 18.755632474283388 true
6.944512257142788 18.755632474283388 6.963264414235301 18.748678585368207 true
6.963264414235301 18.748678585368207 6.982009608063979 18.741705947775998 true
6.982009608063979 18.741705947775998 7.00074781988363 18.734714568479408 true
7.00074781988363 18.734714568479408 7.019479030956045 18.727704454469812 true
7.019479030956045 18.727704454469812 7.038203222550015 18.72067561275732 true
7.038203222550015 18.72067561275732 7.056920375941348 18.713628050370772 true
7.056920375941348 18.713628050370772 7.075630472412893 18.706561774357738 true
7.075630472412893 18.706561774357738 7.094333493254555 18.699476791784488 true
7.094333493254555 18.699476791784488 7.113029419763316 18.692373109736 true
7.113029419763316 18.692373109736 7.13171823324325 18.685250735315964 true
7.13171823324325 18.685250735315964 7.150399915005544 18.678109675646752 true
7.150399915005544 18.678109675646752 7.169074446368518 18.670949937869416 true
7.169074446368518 18.670949937869416 7.187741808657645 18.6637715291437 true
7.187741808657645 18.6637715291437 7.206401983205561 18.65657445664801 true
7.206401983205561 18.65657445664801 7.225054951352096 18.64935872757942 true
7.225054951352096 18.64935872757942 7.24370069444428 18.64212434915365 true
7.24370069444428 18.64212434915365 7.262339193836374 18.63487132860509 true
7.262339193836374 18.63487132860509 7.28097043088988 18.627599673186754 true
7.28097043088988 18.627599673186754 7.2995943869735616 18.620309390170295 true
7.2995943869735616 18.620309390170295 7.318211043463464 18.613000486845998 true
7.318211043463464 18.613000486845998 7.336820381742932 18.605672970522768 true
7.336820381742932 18.605672970522768 7.355422383202631 18.598326848528114 true
7.355422383202631 18.598326848528114 7.37401702924056 18.590962128208165 true
7.37401702924056 18.590962128208165 7.392604301262073 18.583578816927634 true
7.392604301262073 18.583578816927634 7.411184180679901 18.576176922069834 true
7.411184180679901 18.576176922069834 7.429756648914165 18.568756451036666 true
7.429756648914165 18.568756451036666 7.448321687392401 18.561317411248588 true
7.448321687392401 18.561317411248588 7.46687927754957 18.553859810144647 true
7.46687927754957 18.553859810144647 7.4854294008280835 18.546383655182442 true
7.4854294008280835 18.546383655182442 7.503972038677819 18.538888953838132 true
7.503972038677819 18.538888953838132 7.522507172556142 18.53137571360641 true
7.522507172556142 18.53137571360641 7.54103478392792 18.523843942000514 true
7.54103478392792 18.523843942000514 7.559554854265541 18.516293646552224 true
7.559554854265541 18.516293646552224 7.578067365048939 18.508724834811833 true
7.578067365048939 18.508724834811833 7.5965722977656025 18.501137514348144 true
7.5965722977656025 18.501137514348144 7.615069633910601 18.493531692748487 true
7.615069633910601 18.493531692748487 7.633559354986602 18.485907377618673 true
7.633559354986602 18.485907377618673 7.652041442503883 18.478264576583026 true
7.652041442503883 18.478264576583026 7.6705158779803595 18.47060329728434 true
7.6705158779803595 18.47060329728434 7.688982642941596 18.462923547383898 true
7.688982642941596 18.462923547383898 7.707441718920832 18.455225334561447 true
7.707441718920832 18.455225334561447 7.72589308745899 18.4475086665152 true
7.72589308745899 18.4475086665152 7.744336730104705 18.43977355096182 true
7.744336730104705 18.43977355096182 7.762772628414335 18.43201999563643 true
7.762772628414335 18.43201999563643 7.7812007639519845 18.42424800829258 true
7.7812007639519845 18.42424800829258 7.799621118289517 18.416457596702255 true
7.799621118289517 18.416457596702255 7.818033673006583 18.40864876865587 true
7.818033673006583 18.40864876865587 7.836438409690625 18.400821531962247 true
7.836438409690625 18.400821531962247 7.854835309936911 18.39297589444863 true
7.854835309936911 18.39297589444863 7.873224355348544 18.385111863960645 true
7.873224355348544 18.385111863960645 7.891605527536475 18.377229448362332 true
7.891605527536475 18.377229448362332 7.909978808119538 18.369328655536105 true
7.909978808119538 18.369328655536105 7.92834417872445 18.361409493382748 true
7.92834417872445 18.361409493382748 7.946701620985845 18.35347196982143 true
7.946701620985845 18.35347196982143 7.965051116546283 18.345516092789673 true
7.965051116546283 18.345516092789673 7.983392647056266 18.33754187024335 true
7.983392647056266 18.33754187024335 8.001726194174267 18.329549310156686 true
8.001726194174267 18.329549310156686 8.02005173956674 18.321538420522238 true
8.02005173956674 18.321538420522238 8.038369264908145 18.313509209350897 true
8.038369264908145 18.313509209350897 8.056678751880952 18.305461684671872 true
8.056678751880952 18.305461684671872 8.07498018217568 18.297395854532688 true
8.07498018217568 18.297395854532688 8.0932735374909 18.289311726999177 true
8.0932735374909 18.289311726999177 8.111558799533254 18.28120931015546 true
8.111558799533254 18.28120931015546 8.129835950017485 18.273088612103955 true
8.129835950017485 18.273088612103955 8.148104970666445 18.264949640965366 true
8.148104970666445 18.264949640965366 8.166365843211112 18.256792404878652 true
8.166365843211112 18.256792404878652 8.184618549390617 18.248616912001058 true
8.184618549390617 18.248616912001058 8.202863070952255 18.24042317050807 true
8.202863070952255 18.24042317050807 8.221099389651505 18.232211188593435 true
8.221099389651505 18.232211188593435 8.239327487252051 18.22398097446913 true
8.239327487252051 18.22398097446913 8.257547345525795 18.21573253636537 true
8.257547345525795 18.21573253636537 8.275758946252882 18.207465882530588 true
8.275758946252882 18.207465882530588 8.293962271221712 18.199181021231443 true
8.293962271221712 18.199181021231443 8.312157302228965 18.190877960752793 true
8.312157302228965 18.190877960752793 8.330344021079606 18.182556709397698 true
8.330344021079606 18.182556709397698 8.34852240958692 18.17421727548741 true
8.34852240958692 18.17421727548741 8.36669244957252 18.16585966736136 true
8.36669244957252 18.16585966736136 8.384854122866368 18.157483893377155 true
8.384854122866368 18.157483893377155 8.403007411306792 18.149089961910573 true
8.403007411306792 18.149089961910573 8.421152296740505 18.14067788135554 true
8.421152296740505 18.14067788135554 8.439288761022624 18.132247660124136 true
8.439288761022624 18.132247660124136 8.457416786016683 18.123799306646585 true
8.457416786016683 18.123799306646585 8.475536353594663 18.115332829371237 true
8.475536353594663 18.115332829371237 8.493647445636995 18.106848236764566 true
8.493647445636995 18.106848236764566 8.511750044032588 18.098345537311175 true
8.511750044032588 18.098345537311175 8.529844130678848 18.089824739513748 true
8.529844130678848 18.089824739513748 8.547929687481687 18.08128585189309 true
8.547929687481687 18.08128585189309 8.56600669635555 18.072728882988088 true
8.56600669635555 18.072728882988088 8.584075139223431 18.064153841355708 true
8.584075139223431 18.064153841355708 8.60213499801689 18.055560735570996 true
8.60213499801689 18.055560735570996 8.620186254676067 18.046949574227046 true
8.620186254676067 18.046949574227046 8.638228891149707 18.038320365935032 true
8.638228891149707 18.038320365935032 8.656262889395176 18.02967311932415 true
8.656262889395176 18.02967311932415 8.674288231378476 18.021007843041655 true
8.674288231378476 18.021007843041655 8.692304899074268 18.01232454575282 true
8.692304899074268 18.01232454575282 8.710312874465885 18.003623236140935 true
8.710312874465885 18.003623236140935 8.728312139545354 17.99490392290732 true
8.728312139545354 17.99490392290732 8.74630267631341 17.986166614771278 true
8.74630267631341 17.986166614771278 8.76428446677952 17.97741132047012 true
8.76428446677952 17.97741132047012 8.782257492961893 17.96863804875914 true
8.782257492961893 17.96863804875914 8.800221736887504 17.95984680841161 true
8.800221736887504 17.95984680841161 8.818177180592112 17.95103760821877 true
8.818177180592112 17.95103760821877 8.836123806120275 17.942210456989812 true
8.836123806120275 17.942210456989812 8.85406159552537 17.933365363551893 true
8.85406159552537 17.933365363551893 8.871990530869603 17.92450233675011 true
8.871990530869603 17.92450233675011 8.889910594224046 17.91562138544748 true
8.889910594224046 17.91562138544748 8.907821767668636 17.90672251852496 true
8.907821767668636 17.90672251852496 8.925724033292202 17.89780574488141 true
8.925724033292202 17.89780574488141 8.943617373192476 17.888871073433606 true
8.943617373192476 17.888871073433606 8.961501769476124 17.879918513116223 true
8.961501769476124 17.879918513116223 8.979377204258748 17.870948072881816 true
8.979377204258748 17.870948072881816 8.997243659664917 17.861959761700827 true
8.997243659664917 17.861959761700827 9.015101117828175 17.85295358856156 true
9.015101117828175 17.85295358856156 9.032949560891069 17.843929562470198 true
9.032949560891069 17.843929562470198 9.05078897100515 17.834887692450756 true
9.05078897100515 17.834887692450756 9.06861933033102 17.82582798754511 true
9.06861933033102 17.82582798754511 9.086440621038312 17.81675045681296 true
9.086440621038312 17.81675045681296 9.104252825305739 17.80765510933184 true
9.104252825305739 17.80765510933184 9.122055925321103 17.798541954197095 true
9.122055925321103 17.798541954197095 9.1398499032813 17.789411000521877 true
9.1398499032813 17.789411000521877 9.157634741392354 17.780262257437144 true
9.157634741392354 17.780262257437144 9.175410421869433 17.771095734091634 true
9.175410421869433 17.771095734091634 9.193176926936852 17.76191143965187 true
9.193176926936852 17.76191143965187 9.21093423882811 17.752709383302147 true
9.21093423882811 17.752709383302147 9.228682339785898 17.743489574244517 true
9.228682339785898 17.743489574244517 9.246421212062115 17.734252021698794 true
9.246421212062115 17.734252021698794 9.26415083791789 17.724996734902525 true
9.26415083791789 17.724996734902525 9.2818711996236 17.715723723111005 true
9.2818711996236 17.715723723111005 9.299582279458884 17.70643299559723 true
9.299582279458884 17.70643299559723 9.317284059712662 17.69712456165194 true
9.317284059712662 17.69712456165194 9.334976522683158 17.687798430583562 true
9.334976522683158 17.687798430583562 9.352659650677909 17.678454611718223 true
9.352659650677909 17.678454611718223 9.370333426013788 17.66909311439975 true
9.370333426013788 17.66909311439975 9.387997831017023 17.659713947989633 true
9.387997831017023 17.659713947989633 9.405652848023209 17.650317121867044 true
9.405652848023209 17.650317121867044 9.42329845937733 17.6409026454288 true
9.42329845937733 17.6409026454288 9.440934647433778 17.63147052808938 true
9.440934647433778 17.63147052808938 9.458561394556364 17.622020779280906 true
9.458561394556364 17.622020779280906 9.476178683118343 17.612553408453117 true
9.476178683118343 17.612553408453117 9.49378649550243 17.60306842507339 true
9.49378649550243 17.60306842507339 9.511384814100815 17.593565838626702 true
9.511384814100815 17.593565838626702 9.528973621315174 17.58404565861564 true
9.528973621315174 17.58404565861564 9.546552899556708 17.574507894560387 true
9.546552899556708 17.574507894560387 9.564122631246137 17.564952555998705 true
9.564122631246137 17.564952555998705 9.581682798813734 17.55537965248593 true
9.581682798813734 17.55537965248593 9.599233384699328 17.545789193594963 true
9.599233384699328 17.545789193594963 9.616774371352339 17.53618118891627 true
9.616774371352339 17.53618118891627 9.63430574123178 17.526555648057847 true
9.63430574123178 17.526555648057847 9.651827476806282 17.516912580645233 true
9.651827476806282 17.516912580645233 9.66933956055411 17.507251996321504 true
9.66933956055411 17.507251996321504 9.686841974963187 17.49757390474723 true
9.686841974963187 17.49757390474723 9.704334702531094 17.487878315600515 true
9.704334702531094 17.487878315600515 9.721817725765106 17.478165238576942 true
9.721817725765106 17.478165238576942 9.739291027182203 17.468434683389585 true
9.739291027182203 17.468434683389585 9.756754589309086 17.458686659769 true
9.756754589309086 17.458686659769 9.77420839468219 17.448921177463212 true
9.77420839468219 17.448921177463212 9.791652425847717 17.4391382462377 true
9.791652425847717 17.4391382462377 9.809086665361633 17.429337875875394 true
9.809086665361633 17.429337875875394 9.826511095789701 17.419520076176667 true
9.826511095789701 17.419520076176667 9.84392569970749 17.40968485695931 true
9.84392569970749 17.40968485695931 9.861330459700403 17.39983222805855 true
9.861330459700403 17.39983222805855 9.878725358363676 17.389962199327012 true
9.878725358363676 17.389962199327012 9.896110378302414 17.380074780634725 true
9.896110378302414 17.380074780634725 9.9134855021316 17.370169981869104 true
9.9134855021316 17.370169981869104 9.930850712476108 17.36024781293495 true
9.930850712476108 17.36024781293495 9.948205991970733 17.350308283754433 true
9.948205991970733 17.350308283754433 9.965551323260192 17.34035140426707 true
9.965551323260192 17.34035140426707 9.98288668899916 17.330377184429754 true
9.98288668899916 17.330377184429754 10.000212071852273 17.320385634216695 true
10.000212071852273 17.320385634216695 10.017527454494143 17.310376763619445 true
10.017527454494143 17.310376763619445 10.034832819609395 17.300350582646878 true
10.034832819609395 17.300350582646878 10.052128149892665 17.290307101325165 true
10.052128149892665 17.290307101325165 10.069413428048623 17.280246329697796 true
10.069413428048623 17.280246329697796 10.086688636791992 17.270168277825533 true
10.086688636791992 17.270168277825533 10.103953758847563 17.26007295578643 true
10.103953758847563 17.26007295578643 10.121208776950219 17.249960373675815 true
10.121208776950219 17.249960373675815 10.138453673844941 17.239830541606263 true
10.138453673844941 17.239830541606263 10.155688432286833 17.229683469707602 true
10.155688432286833 17.229683469707602 10.172913035041141 17.21951916812691 true
10.172913035041141 17.21951916812691 10.190127464883258 17.209337647028484 true
10.190127464883258 17.209337647028484 10.207331704598761 17.199138916593846 true
10.207331704598761 17.199138916593846 10.224525736983413 17.188922987021723 true
10.224525736983413 17.188922987021723 10.241709544843175 17.178689868528046 true
10.241709544843175 17.178689868528046 10.258883110994251 17.168439571345935 true
10.258883110994251 17.168439571345935 10.276046418263068 17.15817210572568 true
10.276046418263068 17.15817210572568 10.293199449486321 17.14788748193475 true
10.293199449486321 17.14788748193475 10.310342187510987 17.137585710257767 true
10.310342187510987 17.137585710257767 10.32747461519432 17.1272668009965 true
10.32747461519432 17.1272668009965 10.344596715403902 17.116930764469863 true
10.344596715403902 17.116930764469863 10.361708471017629 17.106577611013883 true
10.361708471017629 17.106577611013883 10.378809864923749 17.09620735098172 true
10.378809864923749 17.09620735098172 10.395900880020868 17.085819994743634 true
10.395900880020868 17.085819994743634 10.412981499217974 17.075415552686973 true
10.412981499217974 17.075415552686973 10.43005170543445 17.064994035216184 true
10.43005170543445 17.064994035216184 10.447111481600086 17.054555452752783 true
10.447111481600086 17.054555452752783 10.464160810655114 17.044099815735347 true
10.464160810655114 17.044099815735347 10.4811996755502 17.03362713461952 true
10.4811996755502 17.03362713461952 10.498228059246488 17.023137419877973 true
10.498228059246488 17.023137419877973 10.51524594471559 17.012630682000427 true
10.51524594471559 17.012630682000427 10.532253314939624 17.002106931493618 true
10.532253314939624 17.002106931493618 10.54925015291122 16.991566178881293 true
10.54925015291122 16.991566178881293 10.566236441633542 16.981008434704204 true
10.566236441633542 16.981008434704204 10.583212164120305 16.970433709520098 true
10.583212164120305 16.970433709520098 10.600177303395784 16.959842013903696 true
10.600177303395784 16.959842013903696 10.617131842494842 16.94923335844669 true
10.617131842494842 16.94923335844669 10.634075764462946 16.93860775375774 true
10.634075764462946 16.93860775375774 10.651009052356166 16.927965210462446 true
10.651009052356166 16.927965210462446 10.667931689241225 16.917305739203357 true
10.667931689241225 16.917305739203357 10.684843658195485 16.906629350639935 true
10.684843658195485 16.906629350639935 10.701744942306973 16.895936055448573 true
10.701744942306973 16.895936055448573 10.718635524674413 16.885225864322564 true
10.718635524674413 16.885225864322564 10.735515388407222 16.874498787972097 true
10.735515388407222 16.874498787972097 10.752384516625536 16.863754837124247 true
10.752384516619127 16.863754837128337 44.4798941908758 -4.641014196109918 true
0
