0 0
1000 1000 1000 1000
6
-44.45721197872176 -4.853483602424053 -10.832835836713972 16.81218807100389 true
-10.832835836713972 16.81218807100389 -5.380662062347998 19.26261861146633 true
-5.380662062347998 19.26261861146633 0.5521502290842126 19.992376800283708 true
0.5521502290842126 19.992376800283708 6.43564058499442 18.936275511852184 true
6.43564058499442 18.936275511852184 11.74425433440145 16.1886531289324 true
10.752384516619127 16.863754837128337 44.4798941908758 -4.641014196109918 true
0
