24.66441649090434 96.12777584386582
22.490980695035404 83.11047489124721 27.17660167316778 95.02533993196218
704
16.443977429851053 102.05376952491234 17.649805011631493 102.05376952491234 false
17.44980501163149 102.05376952491234 18.65563240598709 102.05376952491234 false
18.45563240598709 102.05376952491234 19.661459238068176 102.05376952491234 false
19.461459238068173 102.05376952491234 20.66728775697281 102.05376952491234 false
20.46728775697281 102.05376952491234 21.673114401629054 102.05376952491234 false
21.47311440162905 102.05376952491234 22.67894292053369 102.05376952491234 false
22.478942920533687 102.05376952491234 23.68476956518993 102.05376952491234 false
23.48476956518993 102.05376952491234 24.690598084094567 102.05376952491234 false
24.490598084094565 102.05376952491234 25.69642472875081 102.05376952491234 false
25.496424728750807 102.05376952491234 26.70225324765544 102.05376952491234 false
26.50225324765544 102.05376952491234 27.70807989231169 102.05376952491234 false
27.508079892311688 102.05376952491234 28.713908411216323 102.05376952491234 false
28.51390841121632 102.05376952491234 29.719735055872565 102.05376952491234 false
29.519735055872562 102.05376952491234 30.725563574777198 102.05376952491234 false
30.525563574777195 102.05376952491234 31.731390219433447 102.05376952491234 false
31.531390219433444 102.05376952491234 32.73721686408969 102.05376952491234 false
32.537216864089686 102.05376952491234 33.743045382994325 102.05376952491234 false
33.54304538299432 102.05376952491234 34.74887202765056 102.05376952491234 false
34.54887202765056 102.05376952491234 35.7547005465552 102.05376952491234 false
35.554700546555196 102.05376952491234 36.760527191211445 102.05376952491234 false
36.56052719121144 102.05376952491234 37.76635571011608 102.05376952491234 false
37.56635571011608 102.05376952491234 38.77218235477232 102.05376952491234 false
38.572182354772316 102.05376952491234 39.778010873676955 102.05376952491234 false
39.57801087367695 102.05376952491234 40.78383751833319 102.05376952491234 false
40.58383751833319 102.05376952491234 41.789666037237836 102.05376952491234 false
41.58966603723783 102.05376952491234 42.795492681894075 102.05376952491234 false
42.59549268189407 102.05376952491234 43.80132120079871 102.05376952491234 false
43.60132120079871 102.05376952491234 44.807147845454956 102.05376952491234 false
44.60714784545495 102.05376952491234 45.812976364359585 102.05376952491234 false
45.61297636435958 102.05376952491234 46.81880300901584 102.05376952491234 false
46.618803009015835 102.05376952491234 47.82463152792047 102.05376952491234 false
47.624631527920464 102.05376952491234 48.83045817257671 102.05376952491234 false
48.63064277145451 102.04769616514903 48.868869970819986 102.06219131790988 false
48.66917227634723 102.05126744528351 48.98144049698168 102.06643190507015 false
48.78161647279842 102.0581681183884 49.162983406188864 102.07119280545565 false
48.963058874021975 102.06592495961877 49.40856038718643 102.0741885272459 false
49.20857774063281 102.07215801180202 49.71324025556663 102.07304593369328 false
49.51325375216783 102.07450344859937 50.07208940799976 102.06537388296796 false
49.87216702098885 102.07059204531936 50.480171059834404 102.04878288309607 false
50.28039739030986 102.05805842169254 50.93255056981536 102.0208852204268 false
50.733030650963975 102.03454494642158 51.42428922331669 101.97928355808885 false
51.22515323015193 101.99768791303805 51.95044579509646 101.92158476013365 false
51.75185486691529 101.94513023686748 52.506075748071915 101.84539094306712 false
52.30822920310696 101.8745137196743 53.0862325165973 101.74830533695616 false
52.88937679665373 101.78348435665097 53.68596074470462 101.62792510419132 false
53.49040012937084 101.66968361345074 54.30030315253743 101.48185193670237 false
54.1064126171669 101.53075730130236 54.92429152614593 101.30768692934032 false
54.732532182880796 101.36434944058608 55.552953144650026 101.10303109355634 false
55.36388985152916 101.16809820434172 56.18130593348864 100.86548753964523 false
55.99562637677851 100.93963193930642 56.80435246670566 100.59267295270118 false
56.62288685579345 100.67657355995341 57.417092849095276 100.28221132433077 false
57.2408319608855 100.37652497104055 58.01451348455316 99.93174578160757 false
57.844620934841544 100.0370665611197 58.59160033225121 99.53893721931429 false
58.429412678683434 99.65574186412206 59.143339693126364 99.10148713535112 false
58.9903486124503 99.23007020429773 59.66473534909831 98.61712123729936 false
59.522543601682415 98.75752465138396 60.15081951083392 98.08361148725314 false
60.02106655826946 98.235559502174 60.596668468402314 97.49874862025062 false
60.480926813741846 97.66160386084715 60.9974180922319 96.8603448154471 false
60.897070158769836 97.0331003298874 61.348269667859576 96.1662043764384 false
61.264388153364735 96.34752478878899 61.64447683723282 95.41409645556165 false
61.57773090838474 95.60240517638958 61.881332817203855 94.60173439731376 false
61.831940833566605 94.79533268293295 62.0541422742431 93.72677391753076 false
62.02188205083439 93.92396882121284 62.1581881626337 92.78679853525034 false
62.142456206500604 92.98601441326485 62.188714038021914 91.77935058601986 false
62.18849117819185 91.97921208274462 62.145175565187806 90.7794026610191 false
62.16015309103916 90.97868910741326 62.032185952398066 89.86047412239728 false
62.063278073351434 90.05786150777246 61.854088114356685 89.01802570378284 false
61.90229997812109 89.21191743776792 61.615665751659414 88.24750363201896 false
61.681569212561214 88.43609673477573 61.321782262184584 87.54430245051849 false
61.40538025711501 87.72573600780112 60.97736071907716 86.90372367956189 false
61.078022795350826 87.07627784912249 60.58733086660536 86.32095910765966 false
60.7038306379127 86.48325999903902 60.15657457346495 85.79110724954992 false
60.287223768468124 85.94228449016043 59.68988753532823 85.30920420190866 false
59.832729257279674 85.44896267113818 59.191962109769186 84.87027299687331 false
59.34497072236258 84.99887193390161 58.66739035811238 84.46937062330342 false
58.82863083575969 84.58753723200626 58.12070528765477 84.10160838268078 false
58.288432214886356 84.2104226620608 57.55640370881757 83.76216030768242 false
57.72910245377803 83.86294308352211 56.97897370690511 83.44624779388873 false
57.15535693569536 83.54047183380419 56.39291745224494 83.14913188467463 false
56.571894072539365 83.23836122294482 55.8027540865242 82.86609465079127 false
55.98338287611957 82.95195060952493 55.213028403024786 82.59243486294339 false
55.39446268326501 82.67658578599045 54.62832049275422 82.32344298372236 false
54.80974846363346 82.40760742355886 54.053232939642925 82.05441272269962 false
54.2338124483021 82.140370870364 53.4924091919535 81.78062686102702 false
53.6711933980886 81.87023486197216 52.95052804245647 81.49736104392716 false
53.126380758161964 81.59255481920454 52.4323157253226 81.19989423136778 false
52.60381432061017 81.30267136759221 51.942551876300506 80.88352392710345 false
52.107883582023746 80.99588312827179 51.48606267813945 80.54358963928331 false
51.642933064595084 80.66740364824119 51.06771928798682 80.17551032744994 false
51.21331742738242 80.31230851692834 50.692386474620946 79.77484478296431 false
50.82347404828535 79.92551180888667 50.364842539482034 79.33731893480704 false
50.47803421428067 79.50177698424845 50.089671874933074 78.85880370363482 false
50.18191941867346 79.03581255754054 49.87117241550556 78.3352268299581 false
49.9403315916403 78.5224571658823 49.71335978461111 77.76238593169478 false
49.758607418602466 77.95681170238262 49.62011110191983 77.13581449652489 false
49.642017188621246 77.33428224131313 49.59537363195862 76.4507427052141 false
49.596212105822595 76.65050532608022 49.63566467599022 75.76147711123774 false
49.617394625303355 75.9604168927848 49.73422601197822 75.12417972613483 false
49.69666540544942 75.32036295795794 49.887954294839155 74.53706952678883 false
49.830420517755556 74.72832572272033 50.092667825261 73.99835021660283 false
50.01510804855249 74.18238316825132 50.34412726635058 73.50612971892131 false
50.24718808884344 73.68073278138064 50.63808502503903 73.05839645143834 false
50.52307298885627 73.22167753512544 50.97034312328122 72.65302959716377 false
50.83907799945956 72.80358615246195 51.336796933894526 72.28784633764516 false
51.191399874052955 72.42484822315167 51.73346220141363 71.96064298764485 false
51.57613799856988 72.08381743221983 52.15645391208786 71.6692480181646 false
51.98931339221736 71.77879056844976 52.60196354464453 71.41155241919327 false
52.42690930148424 71.50800470520193 53.06621847628075 71.18550502189422 false
52.88489063660508 71.26963089641167 53.5454644204479 70.98911692835908 false
53.359230938331834 71.06179638848307 54.03594220857676 70.82044679670761 false
53.84591829207147 70.88259878284322 54.53387625319474 70.67758293003652 false
54.34095659733694 70.73011278397495 55.0354751527232 70.55863465413836 false
54.840369658928616 70.60240163892473 55.53692760029612 70.46172275224208 false
55.34019553144695 70.49752257138586 56.03440616499899 70.3849759051782 false
55.83648619790706 70.41353366100968 56.52407323599946 70.32652193781914 false
56.32530863732167 70.34849139008386 57.002072457970726 70.28449027240107 false
56.80273149697493 70.30045680042447 57.46454768156299 70.25700389738333 false
57.264839917044085 70.26748887864969 57.90762813878175 70.24218598217472 false
57.707717252471234 70.24765074210451 58.32744109837087 70.23815931395407 false
58.12745514109636 70.23901004279676 58.72010742042468 70.24304401948575 false
58.52014690878427 70.23963701711054 59.08174627701273 70.25495389266106 false
58.88189072853159 70.24759672840007 59.40847199307275 70.27200790040119 false
59.20878547053748 70.26095859608803 59.69639819633992 70.29232065355887 false
59.496934846131595 70.27777927987896 59.94163367341891 70.31402139695338 false
59.742444648014626 70.29610700834711 60.14028512954339 70.33524968078262 false
59.94143211109887 70.31393221889208 60.28844595348703 70.35419722367403 false
60.09004955286028 70.3290129440681 60.38217632570819 70.3692900233488 false
60.184873665748846 70.33695171869486 60.417113925939624 70.38111144951101 false
41.12828863509594 79.15095883291255 41.142581078570075 78.69736727866061 false
41.12967953049883 78.89684101391956 41.17248638280434 78.4599859480282 false
41.14607219996192 78.65811140351362 41.216984295076266 78.23846950073289 false
41.17652665418391 78.43419920429594 41.27497374818911 78.03236352030345 false
41.2201365396338 78.22455119394026 41.345320039175796 77.84119601519613 false
41.27600380498702 78.02864144284187 41.42688016286281 77.66446395264883 false
41.34324688576779 77.84597053015727 41.51849650147625 77.50163779113825 false
41.420976876791414 77.67607743461527 41.61901502945434 77.3521514638172 false
41.50828661217295 77.51852452537132 41.727301856183956 77.21541738766015 false
41.60424940139423 77.37290293029957 41.84224448993359 77.090819220923 false
41.70790666093169 77.23880838389178 41.96276045772872 76.97773226674718 false
41.818266042767355 77.11583848640906 42.08779917684087 76.87553183675317 false
41.934306707913294 77.00358216505492 42.21633855551148 76.78360191561903 false
42.05498330442338 76.90161114932438 42.347386637685396 76.70134555997976 false
42.17924563192787 76.8094893309343 42.4799525672343 76.62816991575168 false
42.306017465127546 76.72674696581633 42.61306963871093 76.56351576463634 false
42.4342298130338 76.65290901469126 42.74576766085422 76.50683480629132 false
42.56280993124298 76.5874875239483 42.87707644732135 76.45758790620904 false
42.690685713258524 76.52997557595782 43.0060289223592 76.41525301965231 false
42.8167944637261 76.47986327022366 43.13164485057563 76.37931295899888 false
42.94006943754551 76.43663058172359 43.252949920572775 76.34926066115257 false
43.059459109657716 76.39975521837458 43.36895834940838 76.3245932043264 false
43.17391183147619 76.36871713003508 43.47867885492249 76.30480355054351 false
43.282378985511855 76.34298500765725 43.58111712385774 76.28939592073333 false
43.38381756231978 76.32203878581282 43.67527510916098 76.27786141795734 false
43.47718784067402 76.30534045284048 43.760153349808455 76.26971096575845 false
43.56145497080146 76.29237095791055 43.83474563907522 76.26444027534471 false
43.63558458414783 76.28261033420381 43.89804341476908 76.26153847692015 false
43.69854278775496 76.27551577870805 43.94904138759852 76.26052315962696 false
43.74930390779061 76.27059286945735 43.98672417489771 76.26086165731266 false
43.78683563502155 76.26730488827288 44.0100830294018 76.26206172578928 false
43.81011415949842 76.26525371641719 44.01810070456207 76.26349814417263 false
43.818305221461706 76.2706786411421 44.02522412620371 76.2575409329046 false
43.825526177426426 76.26837283088098 44.04669041611551 76.25842044013999 false
43.846819404014 76.26527756491758 44.08127603106475 76.25973891862847 false
43.88130393404293 76.26214868700713 44.128068282522506 76.26203000750803 false
43.928097923521086 76.25964396767996 44.18615535877047 76.2659272933899 false
43.986315071665516 76.25839416227927 44.25462803063278 76.27209325232084 false
44.05507449122981 76.25904596412491 44.33257540389381 76.2811725481226 false
44.1334988355959 76.26222232993172 44.41907929521281 76.29383358122188 false
44.22070893600166 76.26856730837824 44.51322334339308 76.31072366008172 false
44.31583386832834 76.2787092102204 44.61408856533971 76.33250395683937 false
44.41800824625234 76.29328500518187 44.72074481741751 76.35983073316113 false
44.5263619283314 76.31293984598125 44.83226483686152 76.3933483192216 false
44.64003646965859 76.33830996235169 44.947717161365 76.43371371667759 false
44.75817569700975 76.37005644924974 45.06616243419331 76.4815571877141 false
44.879920844172794 76.40883027461366 45.1866657658481 76.53751724728606 false
45.00442229640943 76.45530348043707 45.30828311535723 76.60221508478982 false
45.13081895757555 76.5101568834478 45.430080048906 76.6762612406391 false
45.258252328824156 76.57408577972647 45.55112140963097 76.7602499016465 false
45.3858508437215 76.64779287636516 45.67048510825546 76.8547715921099 false
45.51273173267106 76.73200586786484 45.787262132913966 76.9603899746699 false
45.63799617082229 76.82744570228338 45.900553904249804 77.07767358416179 false
45.760716616343075 76.93485312793938 46.00949430838467 77.20717302940855 false
45.87995588976914 77.05495498656293 46.11322874332078 77.34945470007005 false
45.99474661723438 77.18848298741108 46.210929052965454 77.50507824403084 false
46.10410869551961 77.33614139277627 46.301781684827425 77.67462888189165 false
46.20705159799109 77.49862385242973 46.38498350983002 77.85870619527121 false
46.30258014506853 77.67659797788879 46.4597341775947 78.05793392979376 false
46.389701080026555 77.87071229814516 46.525233289136395 78.27295303936079 false
46.46743489303877 78.08159150236646 46.580668572819484 78.50443019194623 false
46.53481591528719 78.3098511594028 46.62521016750313 78.75304305008994 false
46.590888157370564 78.55609346978282 46.658018532629754 79.01947889615647 false
46.63471689664795 78.82091462937625 46.67823660937826 79.30443476566604 false
46.66590787861113 79.10489398601172 46.68218778475107 79.58851198269346 false
46.68196740514194 79.388618029123 46.6673840046424 79.85223902643166 false
46.680699097938074 79.65280706356715 46.63536566041761 80.09620371281758 false
46.66320223815268 79.89829502620677 46.58733317369963 80.32101715049829 false
46.630530337998394 80.12590412011947 46.524534609300275 80.52729843340903 false
46.583699881727 80.3364384791586 46.44825505999222 80.71568472470935 false
46.52368050663514 80.53066206753313 46.3598245912549 80.88685710569993 false
46.451421879584764 80.70929407210441 46.26059323900241 81.04153956078068 false
46.36786255489913 80.87298426730204 46.15192590018435 81.18052361253488 false
46.273974911478 81.0223365749264 46.03515177292544 81.30465038467182 false
46.17076220841704 81.15790941939953 45.91156730090606 81.4148027497823 false
46.05929036744661 81.28024071685941 45.7824081394203 81.511887837238 false
45.940681613930074 81.38988099496764 45.64885176588087 81.59679641639022 false
45.81610367567711 81.4873857479092 45.51203202950257 81.67041616431523 false
45.686766608406636 81.57336304698568 45.37304045159093 81.7335821809727 false
45.55389527655169 81.64843399047453 45.23295374473736 81.78711653934646 false
45.41872892114976 81.7132742929409 45.092832370680455 81.831788570381 false
45.28250069029405 81.76856945808345 44.953742884103065 81.86835219314213 false
45.14644071352779 81.81503150009287 44.81675860673481 81.89753856470045 false
45.01177201845199 81.85338669750278 44.68295808799913 81.920066452032 false
44.87970451704046 81.88437563303843 44.55343111869832 81.93663844367279 false
44.75143951338145 81.90873732364125 44.42927797176856 81.94795681969427 false
44.62816967174833 81.9272151927455 44.31160755996094 81.9547232021718 false
44.511080440093515 81.94056016389054 44.20153413809911 81.95762983882732 false
44.401348433819514 81.94951609087839 44.100180793556646 81.95737229862327 false
44.30014677208216 81.95481992606817 44.008675984202156 81.9546586747102 false
44.208644470023565 81.95722373564527 43.92815414616638 81.95018194641237 false
44.128008686686286 81.9574644331196 43.85974969743122 81.94464649723275 false
44.05940011295081 81.95627995012103 43.804599775643865 81.93875756680274 false
44.00397699571307 81.95440925013118 43.76384771093286 81.93321748865358 false
43.96290249830604 81.9525583443604 43.738631916989654 81.92876529708458 false
43.93734406740772 81.95137444372196 43.73008652416074 81.92619695244373 false
43.92927405885795 81.93419080488007 43.72170063183532 81.94263651467429 false
43.92158934860833 81.93617915844732 43.69908624259194 81.94150281837345 false
43.89905667349888 81.938673123648 43.66266630880291 81.9397079478227 false
43.86265119807614 81.94095254481 43.61344487222287 81.93675941998502 false
43.81335201079711 81.94240858285228 43.55241830219919 81.93204968673552 false
43.75213379620786 81.94242875577302 43.480585497741785 81.92498046561528 false
43.67996976869318 81.94043807431709 43.398948702270246 81.91491410717029 false
43.597831588828505 81.93583111148898 43.30851358726191 81.90123965119012 false
43.506689278988226 81.92801692212068 43.21028746239517 81.88333727838204 false
43.407506677950074 81.91640779925744 43.105281946696664 81.86058018274326 false
43.30124455849866 81.90040407004314 42.99451172518616 81.83235352417239 false
43.1888584856525 81.87941224297887 42.87899856489791 81.79804002970756 false
43.071300527779414 81.85283674294914 42.75976398102011 81.75702076150677 false
42.94951319957558 81.82006941689129 42.637842790909325 81.70869123392349 false
42.82444208745699 81.78050583437857 42.51426674020234 81.65244136442695 false
42.697022559820006 81.73351729451565 42.390072169810395 81.58768534095498 false
42.56818903376387 81.67847799439062 42.26630386893541 81.51383820195873 false
42.438884037414304 81.61473734568273 42.14399664150444 81.4303378970498 false
42.31004735995075 81.54163519089606 42.02418615614242 81.33663007076655 false
42.1826377096233 81.45848419373165 41.90788728815525 81.23218567220205 false
42.057623009309125 81.36458705036695 41.79610944671853 81.1164912407181 false
41.936006844392544 81.25923493503244 41.68982637850071 80.98904483762348 false
41.81880814619191 81.14171331210062 41.58999273573942 80.84934461133975 false
41.70708495232612 81.01130579367137 41.497527812868555 80.6968924368095 false
41.60191822648225 80.86731541038804 41.41332610400541 80.53117264468024 false
41.504410562294574 80.70906497781864 41.33826047332007 80.3516516549232 false
41.415671967129995 80.53591094294751 41.27319824549843 80.15775850759653 false
41.33681851128519 80.3472303596937 41.21900068229658 79.94890163582363 false
41.26895100080948 80.1424371299753 41.17654243546958 79.72445449897728 false
41.21315454658448 79.92096149919631 41.1467119776918 79.48377233869596 false
41.17048769722938 79.6822535217344 41.13042621814842 79.22619433614122 false
41.14199180105145 79.42577110835231 41.12862301483336 78.9510480675928 false
35.80933497332102 81.75562367362649 35.82104989927535 81.40530635916294 false
35.807366659940826 81.60471437096913 35.84270906625405 81.26477753397403 false
35.81471797245433 81.46267146397234 35.873669265106145 81.13391488121727 false
35.83085991744445 81.32912825170166 35.91317562910072 81.01247409685153 false
35.85527461978837 81.20374539827104 35.960462173212576 80.90018913453254 false
35.88747684401664 81.08622193188762 36.014730272763146 80.7967499610776 false
35.92696769310015 80.97628310453881 36.075193090385156 80.70182219377212 false
35.973249956833435 80.87370338382918 36.14106397613607 80.61502410853275 false
36.02579297898114 80.77827477246564 36.211589726103206 80.53595457192546 false
36.08404266870833 80.68981796075389 36.2860405709735 80.464181888669 false
36.14739646740302 80.60814304144778 36.36373520921094 80.39928683528235 false
36.21522911990857 80.53307148306564 36.44401316157576 80.3408425610168 false
36.28687717160403 80.46439885833492 36.52625402254091 80.28844061392098 false
36.361661646674335 80.40189769762323 36.609854782021834 80.2417012071485 false
36.43889258053932 80.34533559204243 36.69421967020229 80.20024949310871 false
36.517869286613305 80.29444721602876 36.77876363927155 80.16373791814148 false
36.59788877619688 80.24894876968322 36.86290769202943 80.13184302566701 false
36.678259418760014 80.20855744712084 36.94605959885795 80.10424036509153 false
36.75828485415087 80.17296963095207 37.027629985512526 80.080622548829 false
36.83727763278961 80.14187253327914 37.10702244142501 80.06069510829845 false
36.914557706705175 80.11496382040765 37.18363128017005 80.04414937221874 false
36.9894446894313 80.09191025146977 37.256854902314295 80.03070945073054 false
37.06127261241334 80.07240644977567 37.32607541626439 80.0200753382933 false
37.12937228631836 80.05613440558288 37.39067627695686 80.01195216542554 false
37.19308022478581 80.04276162663302 37.45003711060425 80.00606516790688 false
37.251738466458676 80.03198853236955 37.50353201841557 80.00210479556671 false
37.304689483624486 80.02347656884743 37.55053466795528 79.99980047162292 false
37.35128027488813 80.01693207071101 37.59041420047048 79.99883673070399 false
37.3908579919701 80.01201405315337 37.62253772984428 79.99894542688966 false
37.4227708315254 80.00843367850482 37.646273199273686 79.99980814137089 false
37.446372034972676 80.00587570026578 37.66098350719201 80.0011291156717 false
37.46101131568327 80.00415993007994 37.66603508007991 80.00247940742125 false
37.46621679116666 80.00926885765882 37.67046698982435 79.99705373186424 false
37.47073505404553 80.00725844094421 37.683997738953245 79.9982188625544 false
37.48411223149562 80.00467984752414 37.705779587074666 79.99974412837858 false
37.50580438032545 80.00202117180822 37.73522630560018 80.00190425402243 false
37.53525278719816 79.99965455908242 37.77176831033509 80.00509741028878 false
37.57191020455533 79.99799344224819 37.8148245513063 80.0096748576198 false
37.615221110183306 79.99737837499933 37.86382037894753 80.01605886141694 false
37.66464139485775 79.99818854901645 37.91817160495158 80.02464054608838 false
37.71962102102034 80.00080682922452 37.97729996934526 80.0357998658044 false
37.779623678925965 80.00558514753043 38.04061348434212 80.04994958200176 false
37.844106656937754 80.01290654221557 38.10752468979912 80.06747509823944 false
37.91253779103629 80.02314416192007 38.17743932645253 80.088767959221 false
37.984387306232826 80.03667439269148 38.24975699751117 80.11421647224249 false
38.05912726395702 80.05387982321027 38.32387546976546 80.14420274196706 false
38.13623670763663 80.07514540860379 38.39918740225611 80.17911025510779 false
38.21519328046966 80.10087895371878 38.47508685425357 80.21929777440994 false
38.29547791729291 80.1314852142394 38.55096459338952 80.2651233632846 false
38.376569374560226 80.16738429370614 38.62621356567856 80.31693348578334 false
38.45793920537656 80.2090147201808 38.70023204623583 80.37505618143634 false
38.53904554631438 80.25682838540145 38.772433600957335 80.43980425184917 false
38.619338441881084 80.31128517725882 38.84223988780412 80.5114843767231 false
38.698239619843186 80.37286217523045 38.909099007229756 80.59038416992428 false
38.77515513538448 80.44203055101399 38.97247660651892 80.67679902734704 false
38.849461274380154 80.51926959643441 39.03186810226489 80.77101435051004 false
38.920520524286154 80.60503390089428 39.086782709480175 80.87334211760276 false
38.98767101602592 80.6997756700211 39.1367539997098 80.98409669058971 false
39.05024904756908 80.80391082744939 39.181315503204225 81.10362496493158 false
39.10758183688238 80.9178403222392 39.220011704465165 81.23229443340877 false
39.15901149913074 81.04194017366018 39.25237219079616 81.37049564434363 false
39.2038856202311 81.17656661307096 39.27791920450035 81.51863518547279 false
39.241572183136995 81.322059075993 39.296156465092665 81.67714018886682 false
39.27145521058257 81.47875417460035 39.30657165230741 81.84644060994366 false
39.293493841611465 81.64695734787415 39.30664540379852 82.01506986055227 false
39.30641108970127 81.8151892841413 39.294519088529825 82.17145399715335 false
39.308641228904655 81.9720930548167 39.27134422355419 82.31586564334613 false
39.30083874866967 82.11821466337476 39.23791511343 82.4486134529226 false
39.28360510607591 82.25408786044866 39.1950790950841 82.57001833251599 false
39.25749833707438 82.38021686693067 39.14372505232354 82.68043259274883 false
39.22302914709237 82.49705720639004 39.08478919947906 82.78025724156669 false
39.18069547228431 82.6049997927344 39.01922426865108 82.86995789657674 false
39.13101130084518 82.70437654283569 38.947961317154274 82.95005542392505 false
39.074507493879544 82.79544941440562 38.87191640364211 83.02114439741472 false
39.011795284303666 82.87846806829022 38.79192896345316 83.08383168771452 false
38.943537961356924 82.95365974588195 38.708780752857706 83.13874283645 false
38.87045599147605 83.02127187886227 38.62320009942545 83.18648881770291 false
38.79332597823129 83.08158968166248 38.53586106784098 83.22764094855674 false
38.71294759052324 83.13493219906829 38.44740903471335 83.2627348414922 false
38.630131388756766 83.18165291977505 38.358480359395756 83.29227166508034 false
38.5456947985241 83.22213752551806 38.26970641030238 83.31672226910067 false
38.460449245840735 83.25680076103892 38.181722681175806 83.33652844032642 false
38.37519615985431 83.28607104114428 38.09517653687481 83.3521164212173 false
38.29072846391649 83.31038958382383 38.01072384805418 83.36389965105006 false
38.20782593183216 83.33020149465487 37.929033634915456 83.37228955576221 false
38.12726167031878 83.34596541705886 37.85077783625085 83.37768214919869 false
38.04979268140359 83.35812393739396 37.77664636979115 83.38049137651615 false
37.976178062141415 83.36714123068708 37.70733080673638 83.38110959420244 false
37.90716586522376 83.37346184986112 37.64352813990468 83.37994690660113 false
37.84349788607592 83.37753992113164 37.58594724212558 83.37740571901143 false
37.78591923629824 83.379823764958 37.53528992155679 83.37389236824042 false
37.735160762561634 83.38075531878854 37.49227037703705 83.36982144835453 false
37.69195969640841 83.38078830399544 37.45760204527889 83.365593895248 false
37.65704845733859 83.38035206981148 37.43200130078872 83.36163501695448 false
37.631161176938065 83.3798714073468 37.416180931738694 83.358378428127 false
37.61503628798106 83.37969742096702 37.41084755086425 83.35632768166636 false
37.61012496069474 83.36385234820642 37.4054036557889 83.37173230605502 false
37.605304182737335 83.36562889095518 37.39115957911048 83.37046368462029 false
37.591133264647254 83.36779724017394 37.36823912153766 83.36870954429598 false
37.56822572368849 83.36988514222045 37.33727139248986 83.36622430159053 false
37.537188974204305 83.37154640434142 37.29888973005882 83.36263443787499 false
37.49863673678797 83.3724209033822 37.25372678883144 83.3575784906733 false
37.453179551755504 83.37215346136463 37.20241278092674 83.35069567507824 false
37.40141986559954 83.37041814264973 37.14558976078386 83.34159221534652 false
37.34396692918343 83.36685366053231 37.08389297847123 83.3299078125527 false
37.28141705291032 83.3611243390918 37.01796875026913 83.31525843123514 false
37.21437069590407 83.35287367993142 36.94845924373708 83.29728273265671 false
37.14341420320103 83.34177113986395 36.87602074052214 83.27559154862243 false
37.06913896248528 83.32745449427226 36.801308228120405 83.24982739236718 false
36.9921247938623 83.30958322863783 36.72498263886142 83.21961106702723 false
36.912946401831064 83.28778939857433 36.6477118949296 83.18459080560669 false
36.83217552802663 83.26171579987738 36.57016875562167 83.14440597517607 false
36.7503785535224 83.23098257103523 36.493029466547654 83.09871485161649 false
36.668122958501385 83.19519754312495 36.41697104845632 83.04719176671702 false
36.58597678749485 83.15395728387317 36.342668083499795 82.98952044136881 false
36.504514940224006 83.10683356070294 36.270790172888674 82.92540752251819 false
36.42433402320033 83.05337664472951 36.20198333679487 82.85458490191601 false
36.34604131315471 82.99312876999555 36.13688105092251 82.77679250838581 false
36.27027624438839 82.92561702337763 36.07609025615053 82.69178166942035 false
36.19772031833229 82.85035712409753 36.02017207773141 82.599318828664 false
36.12906884592336 82.76688891867207 35.9696738314116 82.49914255396932 false
36.06506642585446 82.67475101452608 35.92509354518165 82.39099452652924 false
36.006454343702245 82.57353138318607 35.8869344343967 82.2745708119318 false
35.954002146505985 82.46283629545516 35.85567145294926 82.1495435537432 false
35.908457245333295 82.34231123640845 35.83179794220672 82.01554568125776 false
35.87055726048644 82.21162716968354 35.81582265704701 81.87218839370401 false
35.841023429377536 82.07048147521215 35.80826511249302 81.71905834826477 false
35.82053342671803 81.91858207775445 35.809690260516696 81.55572416030085 false
32.3828825400259 80.16974236273748 32.39346780392961 79.87053223639313 false
32.378998271465555 80.06987015713963 32.411109055681756 79.77795286868034 false
32.381536509923286 79.97560097996603 32.435336958499505 79.6920074402898 false
32.390180550768974 79.88667503982234 32.465570452033575 79.61255465346011 false
32.40463395057086 79.80286471868422 32.501208214736316 79.53942103705987 false
32.42461747995115 79.72398373704365 32.54163545950289 79.47238803294461 false
32.449855121162415 79.64988814367216 32.58622856485293 79.41119850318708 false
32.48003127598243 79.58047408880972 32.63440536402925 79.35555708263995 false
32.514820294095486 79.51566786574924 32.685595616616524 79.30513264035781 false
32.553832446815115 79.45539757926026 32.73929128632183 79.25959598241538 false
32.59665699186244 79.39960474524939 32.79500722469302 79.21860262950196 false
32.64283102792972 79.34819996722294 32.852308568058426 79.1818390147071 false
32.69187571192669 79.30108836289764 32.910776394528895 79.14899893115832 false
32.74328657822063 79.25814055238426 32.97001740475775 79.11980879534077 false
32.79655400628909 79.2192083382437 33.02964345428801 79.09401758978618 false
32.85116789817362 79.18413345594657 33.08926875034714 79.07137874137146 false
32.906615305487655 79.15271736440971 33.14851222483905 79.05168782777564 false
32.962395835798056 79.12477914094869 33.206972756720695 79.0347265567758 false
33.018002666784334 79.10010844744602 33.26425940333314 79.02030042883693 false
33.072946360966014 79.07849126823719 33.31996758567425 79.00822237046782 false
33.12674039006371 79.05972114390755 33.373686067044 78.99829775192737 false
33.17890366790041 79.04357870618895 33.42499816863999 78.99034297807962 false
33.22895959805302 79.02985048554623 33.473482721905896 78.98416855505563 false
33.276436115115466 79.01831161877618 33.51871402726838 78.97959825690286 false
33.32086611576774 79.00875873485955 33.56026329731644 78.97643249123644 false
33.36178549913114 79.00095750760023 33.597696867949374 78.97450449509678 false
33.398731990562844 78.9947193761711 33.63058112307897 78.97359986590685 false
33.43124801790685 78.98980239961352 33.658475869881826 78.97355758122117 false
33.458872316906806 78.9860133867823 33.6809427333865 78.9741716172776 false
33.48115082789231 78.98313518688875 33.69754175678076 78.97525616146072 false
33.49763011228931 78.9809986916537 33.70782861365924 78.97657548439719 false
33.50785353414238 78.97942596459674 33.711362174997966 78.97790643341168 false
33.51152415942355 78.98429347407742 33.71442384993818 78.97283088235957 false
33.5146633976184 78.98247922957827 33.72389455491968 78.97408660083813 false
33.523996949619224 78.9801941520737 33.73912490233461 78.97567633218956 false
33.53914695673335 78.97782152233306 33.759701818054545 78.97772096846172 false
33.55972540108239 78.97559539158122 33.78522426138515 78.98049250549542 false
33.58535096719265 78.97378085295958 33.81528823772419 78.98423189721488 false
33.615642827765924 78.97260423125586 33.849485515797156 78.98921886589802 false
33.65021950626786 78.97231975880013 33.88740663931728 78.9957052262804 false
33.68870307611669 78.97316073620556 33.928642350542 79.0039618505661 false
33.7307225200002 78.97536581151502 33.97277460821083 79.0142561377779 false
33.77590433913238 78.97917755385807 34.019387852537044 79.0268515658519 false
33.82388492193406 78.98483766095389 34.068060385023884 79.0420124841345 false
33.87430283021898 78.99259143555747 34.118360836788106 79.05999776268798 false
33.92679629644279 79.00268304163818 34.16986191680136 79.08106928460865 false
33.98101595878205 79.01537041331665 34.222129551059524 79.10547703708986 false
34.03661297174528 79.03091460662498 34.27471977798459 79.13346413691676 false
34.09323361597013 79.04958787556652 34.32719725836619 79.16526250290327 false
34.15053604057232 79.07167073967479 34.37911853301266 79.20109766258152 false
34.20816958278029 79.09745911081058 34.43004333187445 79.24118162540469 false
34.265768624711704 79.12727712923875 34.479550088509576 79.28569442392522 false
34.322971113113965 79.16143946638364 34.527211797597914 79.33482555953601 false
34.379381274306 79.20029431705201 34.57263329999944 79.3887347587443 false
34.43458604639908 79.24419296622285 34.61544234752692 79.44757678363678 false
34.488155043897805 79.29348294515208 34.65527839285468 79.51150827577476 false
34.53961273384292 79.34851380566138 34.69182978461763 79.58068385615378 false
34.58849326639399 79.4096078085867 34.72477331408349 79.65528918525196 false
34.63427496888577 79.47708526235841 34.75384159534479 79.73550812745614 false
34.67647191160321 79.55121895068818 34.77873337379225 79.82157394612032 false
34.71456522443902 79.63227512416265 34.79917658671206 79.9137283119719 false
34.748066392235955 79.72048500862972 34.814874439185516 80.01224417198019 false
34.776501626747944 79.8160638217222 34.82550978663758 80.11741048132966 false
34.79940444311134 79.91921386415652 34.83076005535919 80.22953098636948 false
34.81693063153962 80.03010892775353 34.82868142217162 80.3410642248528 false
34.82843318921113 80.14119780356725 34.81773176777553 80.44433688604344 false
34.832664140328276 80.24505156588107 34.79886855946787 80.53945708144182 false
34.83002355317999 80.34207934513219 34.77270382309099 80.62657982937648 false
34.82087800329657 80.43267421868234 34.73988307724587 80.70587807549984 false
34.80552032220188 80.51718484218947 34.70112371029152 80.77756918716813 false
34.78422093686815 80.5958992714445 34.65716926363538 80.84193113160457 false
34.75724257961343 80.6690345617581 34.6087672248423 80.89930912801587 false
34.72486371886462 80.73673088252077 34.556647471119874 80.9501271557773 false
34.68741646366354 80.79908137367875 34.501491861805924 80.99485997220518 false
34.645317298592396 80.85616246282152 34.443897880697925 81.03399717272416 false
34.59904471843707 80.90805732881998 34.3843953786445 81.06801785298072 false
34.5491272155943 80.95486308382493 34.32346795738019 81.09738904958985 false
34.496146638597395 80.99673384648987 34.261545862502935 81.12252454116059 false
34.440699895384654 81.03386061062785 34.19904240595734 81.14379748264567 false
34.38339233490385 81.06646922835372 34.13636433292692 81.16154429644759 false
34.32482384982766 81.09480812682042 34.07392197062186 81.17608445267597 false
34.26558902080813 81.11916761945977 34.01213470676979 81.18769366091315 false
34.20627218417946 81.13983268053858 33.9514302991678 81.1966510956581 false
34.1474413745559 81.1571147522909 33.892249058836114 81.20320946344252 false
34.08965391709475 81.1713087512877 33.83504575474873 81.2076379964612 false
34.033460316013226 81.18273231896983 33.78028197681969 81.21018507628747 false
33.979400915421245 81.19168659677968 33.72842947507035 81.2111155844931 false
33.928010830171274 81.19849293109296 33.67996522877954 81.21067232346813 false
33.879817884072935 81.20344382169407 33.63537163402051 81.20912694219393 false
33.835344606124394 81.2068539493732 33.59513638167798 81.20673078289447 false
33.79511143231427 81.20901513228821 33.559751129894615 81.20375805042603 false
33.75963564277745 81.21024576715705 33.529712566915194 81.20045449683647 false
33.72943495639468 81.21082280676742 33.50551319374185 81.19710731810383 false
33.70501873181362 81.21105590542626 33.48765199736141 81.19397288293533 false
33.686900359240504 81.21122320573504 33.47663143019572 81.19133719749527 false
33.67560832028939 81.21149688862738 33.47293323051359 81.1895941038642 false
33.67228830621609 81.19670442998809 33.46901864579666 81.20409605400283 false
33.66892979727207 81.1983268769609 33.45905874567243 81.20280909749204 false
33.659035199896614 81.2002872419168 33.44303998479042 81.20112237280127 false
33.64302801778053 81.20223365928611 33.42140663646497 81.19891356065719 false
33.62133286981277 81.20394780020364 33.39460373306068 81.19592493083361 false
33.594377779869234 81.20517565664112 33.363072901955164 81.19193630651581 false
33.562583767211166 81.20571543479795 33.32726090089234 81.18667529666142 false
33.52637299629254 81.20532864480978 33.2876133424234 81.17990433204339 false
33.48616122619538 81.20380446612542 33.24458411871984 81.17135817412155 false
33.44236761334787 81.20090399825537 33.198621850358634 81.16080153854242 false
33.3953979770794 81.19642301861423 33.15018849501555 81.14796446304838 false
33.34566261366851 81.19012891659749 33.09974528191397 81.13260349915258 false
33.293562990627635 81.18180265614593 33.04775852054661 81.11446349807126 false
33.23949361586958 81.17121755321578 32.99469960575743 81.0932950847568 false
33.18384228902132 81.15814468255144 32.94105038917299 81.06885112537343 false
33.12699695018523 81.14234206093526 32.887292581944465 81.0408994182958 false
33.069331724223325 81.123572332135 32.83392171046337 81.0092012606648 false
33.01122929185829 81.10156308049342 32.78142287101217 80.97355488329465 false
32.953057775951926 81.07604975531493 32.73029384348583 80.93375252628637 false
32.89519413281124 81.04674039184916 32.68102919707929 80.88960822105055 false
32.838034858083205 81.01330996201874 32.63410208739909 80.84097093657317 false
32.781985971306604 80.97542484533848 32.58997239766322 80.78770010849644 false
32.72748148404509 80.93273044741119 32.54907389331317 80.72967614637459 false
32.6749862156037 80.88486782279068 32.51181328054585 80.6667819365624 false
32.6250168617809 80.83146516453583 32.47854164056794 80.59891510115801 false
32.578101262466745 80.77218400820384 32.44959891049452 80.52593804551285 false
32.534817887823955 80.70669320929652 32.42527627141643 80.44770585503372 false
32.49574445920603 80.63471117938299 32.40586377898531 80.36402780755691 false
32.46146708102442 80.5559875594206 32.39164310579485 80.27467820303369 false
32.43255096794453 80.47030884498373 32.38291868843321 80.1793944867983 false
32.40955002395326 80.37748745989562 32.380006274167016 80.07789005018452 false
32.39297966133888 80.27735742102576 32.383258227713156 79.96985481723148 false
30.308061129991284 81.76412537585148 30.31646917164782 81.50352436033589 false
30.30326843995086 81.7029735048325 30.328925663360074 81.44706714480375 false
30.301905750799605 81.64510511884819 30.345199872712136 81.39480656956643 false
30.303835237271294 81.59034082509895 30.364931074898163 81.34667462663587 false
30.30891376801788 81.53851575775376 30.38776010269733 81.30258878105548 false
30.31702309444648 81.48949682996007 30.41330852887885 81.26243846738691 false
30.32807225812557 81.44319297788692 30.441165013305394 81.2260692229219 false
30.341923341157113 81.39953048411628 30.470967049554524 81.19330923853919 false
30.35846214543181 81.35848319312541 30.50233028566346 81.16393914322231 false
30.3775151981297 81.32002945381053 30.53492777013172 81.13773318728735 false
30.398893967077804 81.28416419817205 30.5684494850602 81.11445091219467 false
30.42236706397945 81.25087658840636 30.602626394425105 81.09385950345701 false
30.447685895210746 81.22015553589644 30.637206667529863 81.07572264890375 false
30.474564217845973 81.19195396353244 30.67197612297973 81.05984002485708 false
30.502709924673688 81.16621687042678 30.70672831791407 81.04602297991374 false
30.531825892966225 81.1428770365099 30.74125995074009 81.03409320760403 false
30.561602159518824 81.12183474702769 30.775382434590476 81.0239048961428 false
30.591744697247705 81.10300165886632 30.80888937222855 81.01529898785623 false
30.62194232849341 81.08624186599056 30.841589642744907 81.00816586224029 false
30.65190419258153 81.07144424016096 30.873275556741877 81.00237299524359 false
30.681340563029384 81.05847942691597 30.90373829063007 80.99780234054002 false
30.709965827080968 81.0472097088584 30.932763032845035 80.9943460889875 false
30.737499724909092 81.03750529046192 30.960129618893493 80.99188850957313 false
30.763666171231147 81.02922387702239 30.98561370973759 80.9903263704618 false
30.788194331332676 81.02224192258778 31.008987590019707 80.98953581681789 false
30.810815463512597 81.01640104191817 31.03001957712046 80.98942970734205 false
30.831263020308143 81.01157900864527 31.048477668430536 80.98988661611173 false
30.84927816585193 81.0076349146954 31.06412027549687 80.99080192466134 false
30.864596718596474 81.00445705797875 31.07670928129809 80.99203993429303 false
30.876959704885834 81.00187101002055 31.086006983666437 80.99352954694236 false
30.886112928776587 80.99981560012482 31.09176527997649 80.99508640676602 false
30.891795418928023 80.99824661683154 31.093746591496885 80.9965073244364 false
30.893939802211243 81.00352195278543 31.095354453492952 80.99110453959189 false
30.89564092372257 81.00166070503133 31.100678014952045 80.99262467413878 false
30.90080156024149 80.99933279713677 31.109201265937667 80.99452712764852 false
30.909227855261875 80.9968815932721 31.12068136308078 80.99677778693534 false
30.920709767457158 80.99444409482425 31.134886025087617 80.99954890159682 false
30.935038628192437 80.99218347508031 31.151583472221137 81.00298654933047 false
30.95200951696691 80.99024016472886 31.170540050858595 81.00725767618387 false
30.9714210281822 80.98874715494263 31.191520466723198 81.01253854196882 false
30.993076647819287 80.98784712413645 31.21428078546202 81.01899759350346 false
31.016775953367294 80.98769434570484 31.23857910696561 81.02678980837781 false
31.04232658940954 80.98843356967446 31.264171086775484 81.03607781330139 false
31.06954442793407 80.99020221946859 31.290802278780042 81.04703343583547 false
31.098240184324897 80.99316675622715 31.318221519223325 81.05979759157631 false
31.12824108412659 80.99745701579577 31.34616113418883 81.07455156991121 false
31.159357467482362 81.00327444241005 31.374372209409778 81.09140317758913 false
31.191424205453185 81.01076420463824 31.402581299701648 81.110514622778 false
31.224257773302046 81.02012765843928 31.43053148142951 81.1319956747518 false
31.2576784982071 81.03156056918621 31.457961979043265 81.15595794487369 false
31.29149118752197 81.04528186592115 31.484631285314126 81.1824898808377 false
31.325511530187352 81.06149880224449 31.51028326292946 81.21169535427637 false
31.359502399027367 81.0804705941737 31.53471459069319 81.24362627440519 false
31.393232811411117 81.10243467690823 31.55771955136106 81.27835070851249 false
31.42644529300826 81.12762823689619 31.579115170891463 81.31594072113472 false
31.458855604776815 81.15629474635894 31.598745239954436 81.35646396528347 false
31.49016031344811 81.18865886983131 31.616472743446707 81.40000502740845 false
31.520038880027844 81.22493103779507 31.63218152048742 81.44666085376407 false
31.548186559766 81.26528525175473 31.645735867454643 81.49656481958198 false
31.574269387577843 81.30988962878706 31.65703117530955 81.54985993301837 false
31.597996536906656 81.35888044390101 31.665917822236935 81.60671917004882 false
31.619051792930804 81.41238559982824 31.672271574686473 81.66732200467784 false
31.637169364153372 81.4705137099718 31.675921524279914 81.73186907448697 false
31.652081213539706 81.53337216540386 31.676695259679978 81.80056411363695 false
31.664078793095843 81.60104504307881 31.673304228736473 81.86881922628923 false
31.673078953392032 81.66893030972794 31.664611445176448 81.93193080244994 false
31.678234957159987 81.73252544670429 31.651304335154936 81.98992940410452 false
31.679777040457104 81.79211790224538 31.63371493713191 82.04287244471944 false
31.677872578243406 81.84798164851213 31.612238150664727 82.09083268808614 false
31.67266105802156 81.9003745361418 31.587298637016488 82.13389714527136 false
31.664228117357627 81.94950175432827 31.559374907386893 82.17220361453684 false
31.652648571306177 81.9955215454922 31.52895629548715 82.2059405894143 false
31.6379918995458 82.03852738652502 31.49653559615604 82.23535945471627 false
31.62034995021089 82.07855303582785 31.46258511002493 82.26077318799403 false
31.59987770160437 82.11560575382931 31.427514007556663 82.28251939052296 false
31.576775663424975 82.1496648044674 31.39168405356989 82.30096366006904 false
31.551310389826746 82.1807289913035 31.355392842676338 82.31645205477489 false
31.52379295887789 82.20881217034184 31.318893445573558 82.32931558034025 false
31.494570641142563 82.2339729745904 31.282400866214775 82.33984233970955 false
31.464006013576192 82.2562992163597 31.246116676410328 82.34828938227622 false
31.432471724705007 82.27591496365162 31.210232376399752 82.35487750174241 false
31.400333588853446 82.29296328615602 31.17494442637599 82.35981036437063 false
31.36795566484981 82.3076269735676 31.140452916276505 82.36324816792178 false
31.335684158454306 82.32005924038516 31.106975789106855 82.36538443384941 false
31.303866152944103 82.33048704082252 31.074728236107248 82.36633706964375 false
31.272825948922357 82.33906485270131 31.043950105440295 82.36629645918711 false
31.242891495840002 82.34602503086998 31.014877596420835 82.36537698358345 false
31.214374678928646 82.35154273929308 30.98776109833463 82.3637464663238 false
31.18758377902756 82.3558146475716 30.962856479108176 82.36155684800795 false
31.162823833057303 82.3590610633616 30.940422850586682 82.35893080843546 false
31.140392808156744 82.36143971361963 30.92072452014866 82.35605548235375 false
31.120585585906692 82.36317164585255 30.90403075497906 82.35305655820837 false
31.10369711005738 82.36442288301724 30.890610760093423 82.35011287474637 false
31.090016143438618 82.36540635493776 30.88073804717931 82.34735636384772 false
31.079834696675125 82.3662648369643 30.874684754377768 82.34498911186621 false
31.073456190618366 82.36707471986114 30.8727116096031 82.34328146398997 false
31.071938338802 82.3510981944755 30.870199827378276 82.35907993577844 false
31.070094270440734 82.35278662106681 30.864623746358568 82.35759580226178 false
31.064595481719305 82.3548352670702 30.855685199722174 82.35571396436521 false
31.055671001440352 82.3569250961652 30.8436387147514 82.35346482415694 false
31.043550087960593 82.35897688943503 30.828738589174467 82.35063521780475 false
31.028466961246735 82.36077848643262 30.811237907606394 82.34714679725502 false
31.010650151821363 82.36224913660175 30.791389821361147 82.34279167881176 false
30.990322957570555 82.36323402381892 30.7694527143892 82.33743229584941 false
30.96770926935449 82.36361137952225 30.745688126163706 82.3308999084292 false
30.943030414651915 82.36323585249548 30.72036015953926 82.32305123351516 false
30.91650165014799 82.36199160895606 30.69373711391565 82.31371347063755 false
30.888329336055513 82.35975240767492 30.666096185165003 82.30271860402806 false
30.858727613772178 82.35635253699762 30.63770678797458 82.28994371108885 false
30.827887825223126 82.3516833314474 30.60886113650418 82.27520882304442 false
30.7960108642657 82.34558228474586 30.5798437672298 82.25838406342416 false
30.763287039353486 82.33789749442195 30.550946053534403 82.23933082619845 false
30.729902412772717 82.32846203058378 30.522467363465086 82.21792553275857 false
30.696050802433817 82.31709265320293 30.49469930944476 82.19406091463226 false
30.661927984244773 82.30358391910394 30.46792779740199 82.16765378074273 false
30.627731027145103 82.28773199223465 30.442439314482215 82.1386174586415 false
30.593685594402476 82.26929185703273 30.418493627751086 82.10690645539029 false
30.560034369182294 82.24802065057945 30.396331610128147 82.07247312540713 false
30.52704782843488 82.22365779149129 30.376166340748018 82.03528566732653 false
30.49503602747467 82.19594442950584 30.35817132038121 81.99531429715867 false
30.46432341508113 82.16464199790332 30.342505656333188 81.95250894737106 false
30.4352667813971 82.12952820816584 30.329297988794465 81.90679952373253 false
30.408237136305473 82.09040447530948 30.318662738215476 81.85809410272638 false
30.383613542128835 82.04710885669944 30.31070252411018 81.80626411848678 false
30.361749068757913 81.9995082217861 30.30554595842441 81.75115406731106 false
30.34298672343887 81.94749972977101 30.303337338493726 81.69257628149705 false
30.32766070576349 81.89098650445757 30.30422602081128 81.63033525449232 false
30.316061180904345 81.82989202037413 30.308405396289455 81.56421887751625 false
30.84208184876461 79.61899191638544 30.333685521474287 79.61899191638544 false
30.53368552147429 79.61899191638544 30.02528731993557 79.61899191638544 false
30.22528731993557 79.61899191638544 29.716890992645244 79.61899191638544 false
29.916890992645246 79.61899191638544 29.40849279110653 79.61899191638544 false
29.60849279110653 79.61899191638544 29.1000964638162 79.61899191638544 false
29.300096463816203 79.61899191638544 28.791700136525876 79.61899191638544 false
28.99170013652588 79.61899191638544 28.48330193498716 79.61899191638544 false
28.683301934987163 79.61899191638544 28.174905607696836 79.61899191638544 false
28.37490560769684 79.61899191638544 27.866509280406508 79.61899191638544 false
28.06650928040651 79.61899191638544 27.558111078867793 79.61899191638544 false
27.758111078867795 79.61899191638544 27.249714751577468 79.61899191638544 false
27.44971475157747 79.61899191638544 26.94131655003875 79.61899191638544 false
27.141316550038752 79.61899191638544 26.63292022274842 79.61899191638544 false
26.832920222748424 79.61899191638544 26.3245238954581 79.61899191638544 false
26.524523895458103 79.61899191638544 26.01612569391938 79.61899191638544 false
26.216125693919384 79.61899191638544 25.707729366629053 79.61899191638544 false
25.907729366629056 79.61899191638544 25.39933303933873 79.61899191638544 false
25.599333039338735 79.61899191638544 25.090934837800013 79.61899191638544 false
25.290934837800016 79.61899191638544 24.78253851050969 79.61899191638544 false
24.98253851050969 79.61899191638544 24.474140308970973 79.61899191638544 false
24.674140308970976 79.61899191638544 24.165743981680645 79.61899191638544 false
24.365743981680648 79.61899191638544 23.85734765439032 79.61899191638544 false
24.057347654390323 79.61899191638544 23.548949452851602 79.61899191638544 false
23.748949452851605 79.61899191638544 23.24055312556128 79.61899191638544 false
23.440553125561284 79.61899191638544 22.932156798270952 79.61899191638544 false
23.132156798270955 79.61899191638544 22.623758596732237 79.61899191638544 false
22.82375859673224 79.61899191638544 22.315362269441913 79.61899191638544 false
22.515362269441916 79.61899191638544 22.006965942151584 79.61899191638544 false
22.206965942151587 79.61899191638544 21.69856774061287 79.61899191638544 false
21.898567740612872 79.61899191638544 21.390171413322545 79.61899191638544 false
21.590171413322548 79.61899191638544 21.081773211783826 79.61899191638544 false
21.28177321178383 79.61899191638544 20.7733768844935 79.61899191638544 false
16.51884001042757 95.8958369944433 16.51884001042757 96.28783687389164 false
16.51884001042757 96.08783687389165 16.51884001042757 96.47983487909157 false
16.51884001042757 96.27983487909158 16.51884001042757 96.67183475853993 false
16.51884001042757 96.47183475853994 16.51884001042757 96.86383463798828 false
16.51884001042757 96.66383463798829 16.51884001042757 97.05583264318823 false
16.51884001042757 96.85583264318824 16.51884001042757 97.24783252263657 false
16.51884001042757 97.04783252263658 16.51884001042757 97.43983240208492 false
16.51884001042757 97.23983240208493 16.51884001042757 97.63183228153325 false
16.51884001042757 97.43183228153326 16.51884001042757 97.82383028673321 false
16.51884001042757 97.62383028673322 16.51884001042757 98.01583016618154 false
16.51884001042757 97.81583016618156 16.51884001042757 98.20783004562989 false
16.51884001042757 98.0078300456299 16.51884001042757 98.39982805082984 false
16.51884001042757 98.19982805082985 16.51884001042757 98.59182793027819 false
16.51884001042757 98.3918279302782 16.51884001042757 98.78382780972653 false
16.51884001042757 98.58382780972654 16.51884001042757 98.97582581492648 false
16.51884001042757 98.77582581492649 16.51884001042757 99.16782569437483 false
16.51884001042757 98.96782569437484 16.51884001042757 99.35982557382317 false
16.51884001042757 99.15982557382318 16.51884001042757 99.55182357902312 false
16.51884001042757 99.35182357902313 16.51884001042757 99.74382345847147 false
16.51884001042757 99.54382345847148 16.51884001042757 99.9358233379198 false
16.51884001042757 99.73582333791981 16.51884001042757 100.12782134311976 false
16.51884001042757 99.92782134311977 16.51884001042757 100.3198212225681 false
16.51884001042757 100.1198212225681 16.51884001042757 100.51182110201644 false
16.51884001042757 100.31182110201645 16.51884001042757 100.70381910721639 false
16.51884001042757 100.5038191072164 16.51884001042757 100.89581898666474 false
16.51884001042757 100.69581898666475 16.51884001042757 101.08781886611308 false
16.51884001042757 100.8878188661131 16.51884001042757 101.27981874556141 false
16.51884001042757 101.07981874556143 16.51884001042757 101.47181675076138 false
16.51884001042757 101.27181675076139 16.51884001042757 101.66381663020972 false
16.51884001042757 101.46381663020973 16.51884001042757 101.85581650965806 false
16.51884001042757 101.65581650965807 16.51884001042757 102.04781451485802 false
16.51884001042757 101.84781451485803 16.51884001042757 102.23981439430635 false
0