66.43333321189952 113.44277107344392
173.00000440857502 110.00943989424066 183.8000044930507 116.27610651866947
515
63.83343050549019 107.20499571099883 64.7450170905838 107.24555289392345 true
64.54589870679133 107.22862039886637 65.47775369412257 107.34590683888077 true
65.28044037479908 107.31399859488174 66.22878829062151 107.50174633246533 true
66.03396504273876 107.45695148861724 66.99540892297853 107.70916691762956 true
66.80344226124693 107.6533058996099 67.77484361668026 107.96425586749585 true
67.58588727396113 107.89888147308068 68.56427734407768 108.2631049896374 true
68.37834900953426 108.18952564548269 69.3608613925064 108.60178358012577 true
69.1778952684068 108.52109677564835 70.16172289778385 108.976347372788 true
69.98160485096349 108.88947255149392 70.96398063564854 109.38283541223252 true
70.78657070058256 109.29054472019736 71.76474451857602 109.81727004394084 true
71.58989160664463 109.72021371864751 72.56111333330887 110.27566228381822 true
72.38866436284914 110.17439002566655 73.35018786227086 110.75401574570195 true
73.17999313325916 110.648994591414 74.12906415738745 111.2483262119572 true
73.96098043639114 111.13995502029394 74.8948346364001 111.7545801708393 true
74.72872659385285 111.6432016391557 75.64459919368957 112.26876138815837 true
75.48034031965737 112.15467122318181 76.37545197109655 112.7868498212566 true
76.21292480448506 112.67030431848276 77.0844847141986 113.3048190166829 true
76.92358036400475 113.1860417377382 77.76879204358484 113.81863961455178 true
77.60940972164164 113.69782658649737 78.42547409168387 114.32428260197344 true
78.26752103707403 114.20160596158028 79.05162291480586 114.8177176146526 true
78.8950136574993 114.69332933620939 79.6443341020114 115.29490927202619 true
79.4889897232936 115.16894429656338 80.20070308904755 115.75182408057495 true
80.04655063603512 115.62440274362314 80.71783133018987 116.18442687184273 true
80.56480355434744 116.05565661167263 81.19280924293803 116.58867980420499 true
81.04084369858207 116.45865733103265 81.62273918306373 116.96054290013507 true
81.47177829715795 116.82935503563287 82.00471149827123 117.29598011836275 true
81.85470174980209 117.16370545512838 82.33583200482205 117.59095246175764 true
82.18672337221605 117.45766261831243 82.61319160300312 117.8414199941859 true
82.46493843071137 117.70717912342322 82.83388732289558 118.04334684993405 true
82.68644377778486 117.90821704975069 82.99502516785637 118.19268240250629 true
82.84834595313541 118.05672318292721 83.09369881417511 118.2853939589297 true
82.94771085239191 118.14869247352664 83.12703994234613 118.31740330115515 true
84.59595656931836 120.93872839776375 84.8707122409189 121.2134840693643 true
84.72929088468159 121.07206271312698 85.00404391641683 121.34681574486223 true
84.86262256017952 121.20539438862491 85.13737823178006 121.48015006022545 true
84.99595687554275 121.33872870398814 85.27070990727799 121.61348173572338 true
85.12928855104067 121.47206037948607 85.40404422264122 121.74681605108661 true
85.2626228664039 121.6053946948493 85.53737853800442 121.88015036644981 true
85.3959571817671 121.7387290102125 85.67071021350236 122.01348204194775 true
85.52928885726506 121.87206068571044 85.80404452886556 122.14681635731098 true
85.66262317262826 122.00539500107368 85.9373788442288 122.28015067267418 true
85.79595748799149 122.13872931643688 86.07071051972675 122.41348234817214 true
85.92928916348943 122.27206099193482 86.20404483508996 122.54681666353535 true
86.06262347885264 122.40539530729804 86.3373765105879 122.6801483390333 true
86.19595515435059 122.53872698279598 86.4707108259511 122.8134826543965 true
86.32928946971379 122.67206129815918 86.60404514131433 122.94681696975972 true
86.46262378507703 122.8053956135224 86.73737681681224 123.08014864525767 true
86.59595546057494 122.93872728902036 86.87071113217549 123.21348296062087 true
86.72928977593818 123.07206160438356 87.00404544753867 123.3468172759841 true
86.86262409130137 123.20539591974679 87.13737712303664 123.48014895148202 true
86.99595576679934 123.33872759524472 87.27071143839983 123.61348326684525 true
87.12929008216253 123.47206191060795 87.40404575376307 123.74681758220845 true
87.26262439752576 123.60539622597115 87.53737742926101 123.8801492577064 true
87.3959560730237 123.73872790146909 87.67071174462423 124.01348357306962 true
87.52929038838691 123.8720622168323 87.80404342012217 124.14681524856756 true
87.66262206388485 124.00539389233025 87.93737773548538 124.28014956393078 true
87.79595637924807 124.13872820769346 88.0707120508486 124.41348387929399 true
87.9292906946113 124.27206252305668 88.20404372634651 124.54681555479193 true
88.06262237010921 124.40539419855463 88.33737804170975 124.68014987015513 true
88.19595668547245 124.53872851391783 88.47071235707296 124.81348418551838 true
88.32929100083565 124.67206282928107 88.60404403257091 124.94681586101629 true
88.46262267633361 124.80539450477899 88.73737834793411 125.08015017637953 true
88.59595699169681 124.93872882014223 88.87071002343207 125.21348185187745 true
88.72928866719475 125.07206049564014 89.00404433879528 125.34681616724068 true
88.85974169828225 125.2083985982545 89.02052620897327 125.35632534139806 true
88.87304780406176 125.22123303955634 89.06081464802833 125.39247888002407 true
88.91269363483346 125.2580917637261 89.12635160931593 125.45093249164643 true
88.97751602400295 125.31733732857049 89.21589534216402 125.53012938147442 true
89.06630496959527 125.39738007593294 89.32824565155052 125.6284649706806 true
89.17785863629462 125.49661899219959 89.46219417579415 125.74434603589478 true
89.31096678657755 125.61346501810331 89.61654095542133 125.87616739940003 true
89.4644243869819 125.74632112915299 89.79008610662774 126.02232920883819 true
89.63702846540826 125.89359384793133 89.98162768424632 126.18122806477724 true
89.82757543312935 126.05368488479999 90.18995644014201 126.35127065973676 true
90.03485053873392 126.22501132539821 90.41387692872901 126.53084567109347 true
90.25765189877558 126.40597418281945 90.65218611618722 126.71835520890464 true
90.49477226339668 126.5949862810583 90.90368105537725 126.9121922121916 true
90.74500181260159 126.79045582434222 91.16716400916299 127.1107515998776 true
91.0071365969245 126.99079376214345 91.44143400974373 127.31243082537165 true
91.27996875960976 127.19441646054744 91.7252860770128 127.51561928560426 true
91.56228439144097 127.39973756868162 92.01752656305484 127.71870645459872 true
91.85288151568639 127.60517333079504 92.31694988746985 127.9200818511219 true
92.15054503284017 127.80914614950407 92.62236359263187 128.11812619570816 true
92.45407328111231 128.01007475035232 92.93255914333386 128.31122652582982 true
92.7622480150392 128.20639266357242 93.24634722790772 128.49775771413553 true
93.0738694370188 128.39653267492463 93.56252272668897 128.67609009801572 true
93.38772488628857 128.57893238406282 93.87988546357779 128.84459184083246 true
93.70260778728199 128.75204472538482 94.19723445700897 129.00161577120392 true
94.01731534221142 128.91432664222614 94.51336230777311 129.14550542907998 true
94.33064757223782 129.0642474511806 94.82706407744274 129.27459990074811 true
94.6414200325881 129.20030246402024 95.1371192935245 129.38721227731745 true
94.94845473327248 129.32099708677512 95.44229046928055 129.48163763604336 true
95.25059299101872 129.42485805824614 95.74133137071662 129.55615500114095 true
95.5467230593678 129.5104393609365 96.03294618716 129.609016153123 true
95.83576804019678 129.57630496044163 96.31580161973656 129.63846288941002 true
96.11673524250762 129.62102524825477 96.58848280231258 129.64273058152472 true
96.38859668080637 129.63941484007907 96.85224738866104 129.63347756342083 true
96.65233100707324 129.6386410980306 97.10991549293396 129.62085926892385 true
96.91020422708478 129.63127054794356 97.36177385907678 129.60172821150454 true
97.16241191490236 129.6174633546347 97.60801233335837 129.57626212910145 true
97.40914884637303 129.59737906120952 97.8488162805315 129.54463938136448 true
97.65060335334041 129.57117481980728 98.08438014921752 129.5070433587749 true
97.88697134365886 129.53901472915007 98.31489345189242 129.46364522550073 true
98.11844085248624 129.5010454260358 98.54055093386333 129.41463888736467 true
98.34520369774019 129.4574391709631 98.7615409178124 129.36018998662342 true
98.5674423656936 129.40833831683912 98.97806105806647 129.30049407312518 true
98.78534620911343 129.35391340728114 99.19031006205417 129.23572114587324 true
98.99910444599965 129.29431503577254 99.39847885237526 129.1660558742743 true
99.20889517271394 129.22970416185507 99.60276947326784 129.09167784140723 true
99.41490636743055 129.1602403568058 99.80338200675324 129.01276537875032 true
99.61732294897593 129.08608466081614 100.00051167460475 128.9294953488674 true
99.81632343694737 129.00739751214812 100.19436009782483 128.84204521625188 true
100.01209109360796 128.92434017972352 100.38512943448072 128.75059425460256 true
100.2048109411196 128.8370817898913 100.57301480301025 128.6553112403258 true
100.39466019850865 128.74578176510394 100.75822176485208 128.5563720138592 true
100.58182529359493 128.65060576472968 100.9409493125167 128.45395145845515 true
100.76648796967405 128.55172357139702 101.12139848317355 128.34822033410572 true
100.94883401695 128.44930479036918 101.29976362721837 128.23934429843774 true
101.12904064135878 128.3435107397475 101.47625031918021 128.12750257597054 true
101.30729910074702 128.23452060253888 101.65105272154274 128.0128538864525 true
101.48379182730139 128.1224966712557 101.82436590285374 127.89557120026129 true
101.65869900015151 128.00760950935967 101.99639510431392 127.77582713642116 true
101.83221691954849 127.89003722575981 102.16732944600247 127.65377884891309 true
102.00452535506658 127.7699405916926 102.33736665907962 127.52960610912125 true
102.1758133892293 127.64750235357 102.50670308135214 127.40346407338897 true
102.34627165106575 127.52288340071817 102.67553086425598 127.27552711528018 true
102.51608544237672 127.3962606256966 102.84404484659007 127.14596152472127 true
102.68544619016546 127.26780593389017 103.01243902168147 127.01493065921741 true
66.06666562391989 121.0094417157477 84.66666651091461 121.0094417157477 false
65.29999975713238 104.4427744656708 64.92273016397972 104.4427744656708 false
65.12273016397971 104.4427744656708 64.75331944975387 104.4427744656708 false
64.95331944975386 104.4427744656708 64.59162506172996 104.4427744656708 false
64.79162506172995 104.4427744656708 64.43749916745249 104.4427744656708 false
64.63749916745248 104.4427744656708 64.29079657433131 104.4427744656708 false
64.4907965743313 104.4427744656708 64.15136681004567 104.4427744656708 false
64.35136681004566 104.4427744656708 64.01906732187068 104.4427744656708 false
64.21906732187067 104.4427744656708 63.89375027735084 104.4427744656708 false
64.09375027735084 104.4427744656708 63.775267844030736 104.4427744656708 false
63.97526784403074 104.4427744656708 63.663474829320165 104.4427744656708 false
63.86347482932017 104.4427744656708 63.55822604062895 104.4427744656708 false
63.758226040628955 104.4427744656708 63.45937364550162 104.4427744656708 false
63.659373645501624 104.4427744656708 63.366772451348005 104.4427744656708 false
63.56677245134801 104.4427744656708 63.280271985847364 104.4427744656708 false
63.48027198584737 104.4427744656708 63.19972969627479 104.4427744656708 false
63.39972969627479 104.4427744656708 63.125000390040086 104.4427744656708 false
63.32500039004009 104.4427744656708 63.05593095495726 104.4427744656708 false
63.255930954957265 104.4427744656708 62.992381478166685 104.4427744656708 false
63.19238147816669 104.4427744656708 62.93420412721289 104.4427744656708 false
63.13420412721289 104.4427744656708 62.88124842977513 104.4427744656708 false
63.08124842977513 104.4427744656708 62.833374472993796 104.4427744656708 false
63.0333744729938 104.4427744656708 62.790429144682854 104.4427744656708 false
62.99042914468286 104.4427744656708 62.75226989211741 104.4427744656708 false
62.952269892117414 104.4427744656708 62.71874888284201 104.4427744656708 false
62.91874888284201 104.4427744656708 62.68972092426646 104.4427744656708 false
62.88972092426646 104.4427744656708 62.6650381839353 104.4427744656708 false
62.865038183935305 104.4427744656708 62.64455546925836 104.4427744656708 false
62.84455546925836 104.4427744656708 62.628124947780165 104.4427744656708 false
62.82812494778017 104.4427744656708 62.61560142691054 104.4427744656708 false
62.81560142691054 104.4427744656708 62.606834434328746 104.4427744656708 false
62.80683443432875 104.4427744656708 62.60168405717515 104.4427744656708 false
62.80168405717515 104.4427744656708 62.599999823129025 104.4427744656708 false
62.79999661943953 104.44357492031396 62.58681162003405 104.4418684164166 false
62.786808145484756 104.44243612251167 62.548245535251674 104.44299137502725 false
62.748234740055125 104.44130784855392 62.485849373602576 104.44511487819406 false
62.685800858318984 104.44090788074638 62.40114508444699 104.4487566005606 false
62.6010212002905 104.44185655861378 62.29565909256875 104.45452110009023 false
62.495414593382804 104.44474735409584 62.1709216149486 104.46304508206187 false
62.37050234068582 104.45019950125632 62.02845775302517 104.47494476936092 false
62.22779922452787 104.45881767288037 61.869796489133435 104.49084830628617 false
62.06882216121319 104.47121486970559 61.69646731149774 104.51137022945342 false
61.895085881725365 104.48798551326807 61.50999925379779 104.53714365467992 false
61.70810121106517 104.50973572275669 61.31192789556138 104.56879791972598 false
61.509382583725206 104.53707221025397 61.10378784668978 104.60695912959302 false
61.300439564178376 104.57059783707369 60.887113307373355 104.65225196032061 false
61.082775260389944 104.61090674331045 60.66344757417542 104.70531508889808 false
60.85789661725727 104.6586094753194 60.43432746686192 104.76676814618892 false
60.627296425221324 104.71429550280128 60.20130395965519 104.83725183971103 false
60.3924725408367 104.77857259284858 59.96592824039447 104.91739385932112 false
60.15491482242145 104.85204321274654 59.729754215425 105.0078192750873 false
59.916103469724554 104.93530630703748 59.49435072939166 105.10915667982064 false
59.6775208555628 105.02896968510349 59.26127917414097 105.22203372108827 false
59.44063028110939 105.13365394698228 59.03211737329771 105.34706261593635 false
59.20689828376409 105.24997818660796 58.80845047372127 105.48485444764944 false
58.97779009316161 105.37858489117669 58.59185701044024 105.63599426638474 false
58.75475622921577 105.52011648771317 58.38393286806936 105.80107246220147 false
58.53926896228267 105.6752600940768 58.186249540915824 105.98063473432416 false
58.332789722537626 105.84470161210649 58.0003920033329 106.17522535813252 false
58.136824432827844 106.02917116505276 57.82790073700195 106.3853443875947 false
57.952883481994725 106.22939897878395 57.67030911774486 106.61149177406101 false
57.782536100290045 106.4461447221907 57.52909695970371 106.8541406657247 false
57.627382067197985 106.68015576353567 57.40570824805762 107.11377387154175 false
57.489068101219765 106.93217054118843 57.301540028968674 107.39088577022655 false
57.3692683850951 107.2028927018197 57.217964524225714 107.68600289232698 false
57.27087339044397 107.49325963365236 57.15067893428607 108.00132928929871 false
57.19154851613114 107.80562097874818 57.09498789905483 108.33795242366936 false
57.126141209847134 108.14044717598433 57.051759469498435 108.69451222196376 false
57.07434320278545 108.4958327094576 57.02090329476669 109.06931078398328 false
57.03584740332439 108.86990278690425 57.00232520695934 109.46061684602458 false
57.01037959896695 109.26080601059462 56.99590343878198 109.86667310998493 false
56.99767341419774 109.66670355603625 57.001503106228036 110.28570970452442 false
56.99747410714878 110.08576978688521 57.018977691643535 110.71594621001991 false
57.00953538858764 110.51618646804985 57.048174864604206 111.15559744546118 false
57.03362168131916 110.95614325122858 57.088931582648534 111.60286770318275 false
57.06949887370802 111.40382850640769 57.141083337755155 112.05595727750068 false
57.116940849910826 111.85743352398862 57.20445762611078 112.51307146191172 false
57.17572067775373 112.31516011012808 57.27888012036729 112.97240239429205 false
57.24561337012814 112.77520174925561 57.364177187976594 113.43214789437972 false
57.32639904888 113.23576171437483 57.46016744757079 113.89049863320407 false
57.41785025690971 113.69504070570456 57.56668237645806 114.34564785457917 false
57.519755013786295 114.15124598009398 57.68353269554743 114.79578224568873 false
57.63187894680574 114.60258357804899 57.810551518020944 115.23908971005973 false
57.75400701989894 115.04726695382925 57.9475579001563 115.6737480976002 false
57.8859093149886 115.48350637575766 58.094383140374106 116.0979410840201 false
58.027364046474744 115.9095269943954 58.25084776475239 116.50983746279114 false
58.1781334613663 116.32355087819909 58.41678826676026 116.90760910948963 false
58.33798952886246 116.72381838705817 58.59203405754182 117.289409608259 false
58.50669160841884 117.10857110325671 58.77642715798478 117.65338868098287 false
58.684005910769095 117.47607239429509 58.969805377564086 117.99767690419371 false
58.86969273220599 117.82459884975219 59.17200452059973 118.32039163234553 false
59.06350860917657 118.15245857542499 59.382869430987974 118.6196187036743 false
59.265230424141826 118.45798243994219 59.60222460661115 118.8934211935842 false
59.474641613802795 118.7395466371866 59.829887991111526 119.13981421236002 false
59.691576312282734 118.99555508819721 60.06562683070917 119.35678778299574 false
59.915921253399915 119.22446067874107 60.30915049219858 119.54228560362243 false
60.14766870475655 119.4247188624898 60.560070728186126 119.69424088487085 false
60.38932762904822 119.59028949946816 60.808378718726935 119.82738948293557 false
60.63343574501864 119.73047868556701 61.047241874607444 119.9548562371764 false
60.87054143883648 119.86118981854104 61.27939071266612 120.07299992404596 false
61.100919957645885 119.98275399948626 61.50509115814042 120.18216524795888 false
61.32484860795531 120.09551392467137 61.72460179717292 120.28269323775301 false
61.542595521415834 120.19981248669794 61.93819303062889 120.37491680633742 false
61.75444300479369 120.29597932415716 62.14612372412364 120.4591821206316 false
61.960663998978646 120.38435168987806 62.34865418955319 120.53583037318245 false
62.16153211491759 120.46526153626745 62.54605198835224 120.60520805695913 false
62.35732964736272 120.5390394673013 62.738573358284924 120.66766565322689 false
62.548326355701235 120.60601920902668 62.92648443261506 120.72354524144932 false
62.734801680330804 120.66652066032685 63.11004694332659 120.77320272825384 false
62.91703040656045 120.72087076392803 63.2895246376268 120.81698961629017 false
63.095287453309496 120.7693874527442 63.46517848924741 120.85526905788558 false
63.26984167660025 120.81240103561792 63.637275534817135 120.88838654970813 false
63.44096599703489 120.85021700558781 63.80608402611541 120.9167150440952 false
63.608931716700646 120.88316524844464 63.971873833436575 120.9406057404972 false
63.77400725919421 120.91155740699013 64.13491242583501 120.96042016175784 false
63.93645653502462 120.93570799059627 64.2954717854527 120.97652224388105 false
64.0965443174088 120.95593584201983 64.45382567158903 120.9892742293513 false
64.2545339252334 120.97256259579439 64.61025193773894 120.99903292901095 false
64.41069045561756 120.98590839694326 64.76502401929963 121.0061513634821 false
64.56527350964409 120.99628449716863 64.91841820783932 121.01099936630375 false
64.7185442866172 121.00403001940026 65.0707118365701 121.01391625992213 false
64.87076489678635 121.00945607574603 65.22217868789355 121.01526937760529 false
65.02219487749096 121.01290689745561 65.37310039685188 121.01539293347949 false
65.17310290789241 121.01470201175488 65.52374945666527 121.01464056596426 false
65.32375080336261 121.01517677111504 65.67439730474757 121.01335800782962 false
65.4744017888219 121.01466901044402 65.82532188856007 121.01188850940888 false
65.6253285705499 121.01352261600846 65.97678639447413 121.01056398994605 false
65.77679215315604 121.01207144508416 66.12906835039668 121.009726397676 false
65.92907093117891 121.01066231792129 66.2824305341707 121.00970735772454 false
100.20143816274879 100.85844211999193 101.44896073013395 100.91283092415102 true
101.24980763244795 100.89623462071432 102.52786333638075 101.0538628972289 true
102.33044559500905 101.02257747137709 103.63392081712972 101.27544901022021 true
103.43889977930331 101.2315079649879 104.76304547934157 101.5718890453277 true
104.5707781702851 101.5170630725051 105.9110893738939 101.93748574666863 true
105.72172881448311 101.87328624433069 107.07386712995522 102.3665300991861 true
106.88743538658213 102.2942323917702 108.24715510867269 102.85330690665022 true
108.06359331178676 102.773982345479 109.42671792067365 103.39207505348128 true
109.24591966521245 103.30662333738186 110.6083011665399 103.97708174309957 true
110.43013479086372 103.88625890669768 111.7876418982336 104.60256315136188 true
111.61196412127306 104.50700724807615 112.96047735891945 105.26273815882885 true
112.78714217695865 105.16298979015983 114.12253306391122 105.95181977220302 true
113.9513972748727 105.84833880948503 115.26954073208866 106.66401543002375 true
115.10046683998578 106.55719533953892 116.39722561417841 107.39352381387951 true
116.23008347162018 107.2837030088868 117.50131250682489 108.13453573055007 true
117.33598021069591 108.02200657630277 118.57753104480526 108.88124613633698 true
118.41389503318477 108.76626258199404 119.6216032879797 109.62783556624342 true
119.45955811793507 109.51061937097097 120.62925909333183 110.36849011060411 true
120.46870741654537 110.24923539470136 121.59622318496032 111.09739367289215 true
121.43707500735289 110.97627143507307 122.51822088049464 111.80872254643006 true
122.3603928316994 111.68588435560993 123.3909829142902 112.49665430303914 true
123.23439830448771 112.37223437220129 124.2102319072762 113.15536844190564 true
124.05481989007313 113.02948640531363 124.97169943092922 113.77903975763874 true
124.81739417432233 113.65180307356938 125.67111157507985 114.36184006696111 true
125.51785233951342 114.23334500701809 126.30419719328191 114.89794581503357 true
126.15192782529485 114.76827897964702 126.86668288171889 115.38152994294448 true
126.71535087433134 115.25077009734359 127.35429843355801 115.80676178015155 true
127.20385525172757 115.67498007645024 127.76277011952656 116.16781932538795 true
127.61317019626581 116.03508093362889 128.08782873667423 116.45887027706742 true
127.93902749141743 116.32523700397687 128.32520781709212 116.67408473543773 true
128.177161626978 116.53961530378204 128.47063026695136 116.80763539928665 true
128.3232686140582 116.67241586546108 128.5198574711079 116.85365931140791 true
130.74837411637165 120.69766179667732 131.0874842876962 121.02995737931458 true
130.9446349003203 120.88997862190357 131.28374507164486 121.22227420454077 true
131.14089663514622 121.08229447676547 131.48000226485095 121.41459463999657 true
131.3371538283523 121.27461491222127 131.67626399967688 121.60691049485848 true
131.53341461230096 121.46693173744748 131.87252478362552 121.7992273200847 true
131.72967587650888 121.65924807256883 132.0687850873149 121.99154727528105 true
131.92593665081284 121.85156754750265 132.26504324104295 122.18386409066494 true
132.12219432428162 122.04388485299141 132.46130449560619 122.37618043562861 true
132.31845510823027 122.2362016782176 132.65756527955483 122.56849726085485 true
132.5147163724382 122.42851801333897 132.8538255832442 122.7608172160512 true
132.71097667612756 122.62083796853533 133.05008684745212 122.95313355117254 true
132.90723793069077 122.81315431349901 133.24634452092093 123.14545085666128 true
133.10349560415958 123.00547161898776 133.44260577548414 123.33776720162497 true
133.29975638810822 123.19778844421397 133.63886655943278 123.53008402685118 true
133.49601765231614 123.39010477933532 133.83512686312218 123.72240398204755 true
133.6922784266201 123.58242425426916 134.03138501685027 123.91472079743141 true
133.8885361000889 123.77474155975787 134.22764627141348 124.10703714239513 true
134.08479736429683 123.96705789487925 134.42390657510285 124.29935709759147 true
134.2810576679862 124.1593778500756 134.62016783931077 124.4916734327128 true
134.47731845193485 124.35169467530179 134.8164286232594 124.68399025793904 true
134.67357970649806 124.5440110202655 135.01268629672822 124.87630756342777 true
134.86983786022614 124.73632783564938 135.20894707103216 125.0686270383616 true
135.0660981639155 124.92864779084573 135.40520833524008 125.26094337348295 true
135.26235894786416 125.12096461607194 135.60146911918872 125.45326019870916 true
135.4586197318128 125.31328144129816 135.79772990313737 125.64557702393537 true
135.6548814666387 125.50559729616008 135.9939870963435 125.83789745939116 true
135.85113865984482 125.69791773161586 136.19024883116938 126.03021331425307 true
136.04739944379347 125.89023455684207 136.38650961511803 126.22253013947929 true
136.2436602277421 126.08255138206829 136.58277039906667 126.4148469647055 true
136.43992196256804 126.2748672369302 136.77902759227277 126.6071674001613 true
136.63617915577413 126.467187672386 136.97528932709872 126.7994832550232 true
136.83243993972283 126.65950449761219 137.1715501110473 126.99180008024945 true
137.0258559341294 126.85484769787212 137.19441299897773 127.00682246410817 true
137.04557864795726 126.87322553145579 137.25358001905965 127.05910326450349 true
137.10410935913058 126.92621888417285 137.34987476646197 127.14358617576777 true
137.19970117861016 127.01149683827528 137.4815014310234 127.25799555074232 true
137.33058365928864 127.12675726760007 137.64668512078555 127.40002695068341 true
137.4949815117322 127.26969801570077 137.84365314625123 127.56737068740021 true
137.69112018025433 127.43801358055734 138.07063736390646 127.75772569800601 true
137.9172286632007 127.62940859652113 138.32586343633983 127.96877814337749 true
138.17152946917417 127.84157567378195 138.60756351588276 128.19822884841813 true
138.4522505075361 128.0722239676325 138.91396435410815 128.44375945306317 true
138.75761384447674 128.31904463575592 139.24330118562523 128.70306959485757 true
139.0858508083357 128.5797467031606 139.59379734302868 128.97384632375142 true
139.43517870344868 128.85203027376198 139.96368754305175 129.253777691192 true
139.8038260113497 129.1335980195418 140.35120324482523 129.54055182042558 true
140.1900186496025 129.4221533487175 140.75457055185436 129.831858738328 true
140.5919756508402 129.7154055941089 141.172022452575 130.1253825471728 true
141.00792130682044 130.0110629927399 141.6017945958943 130.41880316529864 true
141.43608369973393 130.30683132541444 142.0421162004211 130.70980824699495 true
141.87468375063324 130.60042942548577 142.4912157263065 130.99607239400174 true
142.3219401861227 130.8895708056743 142.94732910788042 131.27527288882663 true
142.77607960992006 131.17197863533792 143.40868968208994 131.545079997205 true
143.23532651476503 131.44537840599278 143.8735276171296 131.80315902284863 true
143.69790323464585 131.70750281971496 144.3400726000802 132.04716541904423 true
144.16203467978642 131.95608839473527 144.80655438165198 132.27475874251957 true
144.6259494269829 132.18889622714153 145.27120168584833 132.4835686924148 true
145.08788356713254 132.40367914287106 145.7322330827063 132.67123323802053 true
145.54607640687792 132.59822653839365 146.1878665663828 132.83535641796033 true
145.9987879388677 132.77032785930777 146.63629416529815 132.9735395818637 true
146.44428673862097 132.91780867299565 147.0757019648675 133.08335059744167 true
146.88088805815667 133.0385041637886 147.5042320138715 133.1623424357257 true
147.30694427907312 133.1302690380338 147.91998395178078 133.20805382546186 true
147.72088082127402 133.19096226987315 148.32098965949112 133.2180192276015 true
148.12111228713158 133.21557130671218 148.70679127890665 133.20352615450034 true
148.50700924011514 133.2118533127473 149.07868877233818 133.17593270642587 true
148.87944878564832 133.19280187232428 149.43679498384063 133.13339872982368 true
149.23849291525875 133.15901889711373 149.78114823676685 133.0765656895682 true
149.58420808753692 133.11111499890336 150.1117823874068 133.00607163014732 true
149.91665436823124 133.0496964588096 150.4287350450273 132.92255100712433 true
150.23589163261715 132.9753577781909 150.73204664923338 132.82665533555104 true
150.54197914411805 132.8887083441444 151.0217582514822 132.71902124474067 true
150.83497194389034 132.7903395745153 151.2979151254978 132.6003033332583 true
151.11492531798265 132.680860062543 151.56055702038148 132.4711363844095 true
151.38188263097527 132.56085531781767 151.80974088643347 132.33217826514922 true
151.6358988822583 132.4309325186117 152.04551467900947 132.1840704534806 true
151.87701739121576 132.2916883733749 152.2679301138753 132.02745697763356 true
152.1052776037755 132.14371846807882 152.47704805998362 131.8629882680469 true
152.32072492697986 131.9876290696648 152.67292342517266 131.6913067140548 true
152.52339725371746 131.824024151458 152.85561863143423 131.5130490790119 true
152.71333600668476 131.65350354013012 153.0251899310871 131.32886155265675 true
152.89057434142666 131.47668000913225 153.18170448346692 131.13938001781386 true
153.05515892253032 131.29416281319192 153.32521593886685 130.94523595643548 true
153.2071224121168 131.1065594709986 153.4557866703159 130.74706522637712 true
153.346504808508 130.9144829187491 153.57347699437267 130.54550354771757 true
153.47334849682434 130.71855063938526 153.67834748066247 130.34117681406 true
153.5877000509806 130.51937274064755 153.77044923028572 130.1347209340742 true
153.68959823083827 130.3175692859639 153.84984115839615 129.9267618607426 true
153.77909311005038 130.1137502550748 153.91657350622123 129.71793035100447 true
153.85622789763076 129.90852886205008 153.97070337962765 129.50885920720023 true
153.92105756467973 129.70251852365874 154.01227348253025 129.30018366883647 true
153.97362312254714 129.49633134872116 154.04134311845968 129.09253500363783 true
154.01398447092672 129.29057073142036 154.05795270260276 128.8865505541011 true
154.04218401062323 129.08584101673435 154.0621548693046 128.68287463152376 true
154.05826950840193 128.88274638328636 154.05400480654575 128.4821490736929 true
154.06229262324976 128.68188218659418 154.03355117021974 128.28502190163582 true
103.48870149277255 120.7676564551134 130.7726025621318 120.7676564551134 false
102.2658167488417 96.8722137046969 101.80488190549488 96.8722137046969 false
102.00488190549487 96.8722137046969 101.5555202315183 96.8722137046969 false
101.75552023151829 96.8722137046969 101.31751525795931 96.8722137046969 false
101.5175152579593 96.8722137046969 101.09064787600005 96.8722137046969 false
101.29064787600004 96.8722137046969 100.87470689641836 96.8722137046969 false
101.07470689641835 96.8722137046969 100.66947321039639 96.8722137046969 false
100.86947321039638 96.8722137046969 100.47473562871204 96.8722137046969 false
100.67473562871203 96.8722137046969 100.29027504254736 96.8722137046969 false
100.49027504254735 96.8722137046969 100.11587498294976 96.8722137046969 false
100.31587498294975 96.8722137046969 99.95132162083188 96.8722137046969 false
100.15132162083187 96.8722137046969 99.79640112710631 96.8722137046969 false
99.9964011271063 96.8722137046969 99.6508943929552 96.8722137046969 false
99.85089439295518 96.8722137046969 99.51458758929114 96.8722137046969 false
99.71458758929113 96.8722137046969 99.38726688702678 96.8722137046969 false
99.58726688702677 96.8722137046969 99.26871317734421 96.8722137046969 false
99.4687131773442 96.8722137046969 99.15870999129082 96.8722137046969 false
99.35870999129081 96.8722137046969 99.05704877950977 96.8722137046969 false
99.25704877950976 96.8722137046969 98.9635051534526 96.8722137046969 false
99.16350515345259 96.8722137046969 98.87786792389723 96.8722137046969 false
99.07786792389722 96.8722137046969 98.79992326175629 96.8722137046969 false
98.99992326175628 96.8722137046969 98.72945205821188 96.8722137046969 false
98.92945205821187 96.8722137046969 98.66624048417664 96.8722137046969 false
98.86624048417663 96.8722137046969 98.61007207069791 96.8722137046969 false
98.8100720706979 96.8722137046969 98.5607303488231 96.8722137046969 false
98.76073034882309 96.8722137046969 98.51800412933007 96.8722137046969 false
98.71800412933005 96.8722137046969 98.48167166353566 96.8722137046969 false
98.68167166353565 96.8722137046969 98.45152176221778 96.8722137046969 false
98.65152176221777 96.8722137046969 98.42733531655853 96.8722137046969 false
98.62733531655851 96.8722137046969 98.40890113733579 96.8722137046969 false
98.60890113733578 96.8722137046969 98.3960001157317 96.8722137046969 false
98.59600011573168 96.8722137046969 98.38841578279357 96.8722137046969 false
98.58841578279356 96.8722137046969 98.38593694929935 96.8722137046969 false
98.58593384100384 96.87300215218453 98.36652120862416 96.87127214502327 false
98.56651782993846 96.87182804581629 98.30975862741829 96.8724251324693 false
98.5097482410954 96.87077023412766 98.21790644108448 96.87492167073339 false
98.41785993016845 96.87080160300219 98.09321228516768 96.87956286339747 false
98.29309337190493 96.87280351628421 97.93791817615931 96.88724133608277 false
98.13768330030773 96.87766170708294 97.75427187129524 96.8988506248761 false
97.95386920384472 96.88626160713187 97.54452165307691 96.91527928750948 false
97.74388930683679 96.89947549494775 97.3109091485569 96.93743167479698 false
97.50997334594197 96.91818954457975 97.05568447245065 96.9661982420202 false
97.25435734960196 96.94327626042536 96.78109936728576 97.00247783438185 false
96.97927565937506 96.9756095184252 96.48940198274268 97.04717584513743 false
96.68695602862937 97.01607164433058 96.18284441682677 97.1011865778664 false
96.3796260962367 97.06553224715712 95.86368416177025 97.16541177315337 false
96.05951341053911 97.12486312372533 95.53417880033511 97.2407562635086 false
95.72883971459302 97.1949386738451 95.19658908070366 97.3281249183183 false
95.38982329828308 97.27663439926101 94.85317656436473 97.42841622530338 false
95.04467436876355 97.37081718055158 94.5062135354028 97.54253729335083 false
94.69560372200169 97.47836247473975 94.1579769688199 97.67138929476852 false
94.34481601026496 97.60014454022578 93.81074206372206 97.81587460048696 false
93.99450124382598 97.73704359718307 93.46680130107542 97.97688961966355 false
93.6468539064175 97.88994471600294 93.12844532825123 98.1553206315072 false
93.30405210960105 98.05973519800253 92.79797852492675 98.35205960389682 false
92.96827702843838 98.24733100547982 92.47770484714418 98.56796720386524 false
92.64170263622856 98.45364722790394 92.16993017297798 98.80389969154355 false
92.32650310544199 98.6796285377149 91.87696282119651 99.06068902382253 false
92.0248668813938 98.92624049045511 91.60109947758863 99.33914891435583 false
91.73900043851239 99.1944809441193 91.34461351909944 99.64005549461424 false
91.47113233822397 99.4853553346373 91.10976151540675 99.96417731813347 false
91.22354181668246 99.7998982390092 90.89875200132592 100.31225643724417 false
90.99854627787505 100.13913688449627 90.71374478437797 100.6850422540159 false
90.79850156555104 100.50409193786409 90.55686651205234 101.08329073101383 false
90.62581260365823 100.89574684129138 90.43020003137053 101.50778977565949 false
90.48411169600625 101.31532923788723 90.32802754495485 101.9618443935228 false
90.36969677568096 101.76630750808106 90.24370812756781 102.4469491508933 false
90.27548311418161 102.2495450360407 90.17801458983514 102.96095768907902 false
90.20105471846442 102.76233228151101 90.13077951457458 103.50137637387598 false
90.14602763771931 103.30199272113421 90.10179816263965 104.06567855418285 false
90.11001767175583 103.86587555976003 90.09086604426425 104.65131185069079 false
90.09267250789325 104.45134355681331 90.0977494220378 105.2557129693811 false
90.09363811795913 105.05577553673594 90.12221099431093 105.87630255121807 false
90.11257530571366 105.67655275987472 90.16400654709743 106.51049616139579 false
90.14915615020722 106.3110645144156 90.22287531139035 107.1557013372692 false
90.20304813109665 106.95670163196652 90.29855847771103 107.80932407277123 false
90.27392886536485 107.61086071851274 90.39079237898527 108.46876722732281 false
90.36147929478088 108.27094091560288 90.49930738348746 109.13143112478146 false
90.4653786120746 108.93434382171476 90.62383824839645 109.7947136320755 false
90.58531432886949 109.59847290368718 90.7641087721322 110.4560054680418 false
90.72096475344804 110.26072889974144 90.91985195645564 111.1127027199999 false
90.87201737125348 110.9185226422867 91.09079690569757 111.76219666081208 false
91.038156813841 111.56926496498494 91.27666765848093 112.40187328235727 false
91.21905961114997 112.21036785711566 91.47719899490981 113.02911478103158 false
91.41441122109786 112.83924663786512 91.69211676711016 113.64130794292018 false
91.62388363390528 113.45333084692105 91.9211629347701 114.23582005387622 false
91.84716113671348 114.05004196431123 92.16406716065708 114.8100264594128 false
92.08391102213841 114.62682457998572 92.42057346219862 115.36128203498602 false
92.3338090593433 115.18112244476897 92.6904173802749 115.88693985531236 false
92.59651811444184 115.71040294341968 92.97334735881564 116.38433200103927 false
92.87171118234703 116.21214544945705 93.26910171295134 116.85077592418838 false
93.15905367380331 116.68385720484831 93.57742898184624 117.28356384819868 false
93.4582333133926 117.12307341337463 93.89805539082715 117.67995739482987 false
93.76894538040104 117.52736287429872 94.23069697065137 118.03718195049487 false
94.09093394814879 117.89432874959381 94.57502095804213 118.35243645849185 false
94.42399631244957 118.22161525427128 94.93063872736393 118.6228761692156 false
94.76803569042423 118.50685950533959 95.29706365126992 118.8456581513333 false
95.12539551924704 118.74323783683614 95.66090973613603 119.04015071059935 false
95.48514373030866 118.94474043356395 96.01207196418669 119.22470729157305 false
95.83459527381797 119.13251968334075 96.35334381002365 119.39587052338209 false
96.17414640233811 119.30707571167703 96.68511834080127 119.55411967053335 false
96.50419869559556 119.46889051604339 97.00778593637592 119.69994420597786 false
96.82515419379072 119.61845018768918 97.3217391559953 119.83384006834896 false
97.1374170391931 119.75624697536459 97.6273658169727 119.9562943989139 false
97.44138741303138 119.88276151530764 97.92505769766225 120.06780331158676 false
97.73747054357696 119.9984790390174 98.21520416924066 120.1688609648859 false
98.02606906940134 120.10388031652016 98.49819191285397 120.2599606990719 false
98.30758361816248 120.19943897560006 98.77441226042704 120.34160827637804 false
98.58241837793895 120.28563840478533 99.04425562332939 120.41429969829352 false
98.85097546147468 120.36294787808335 99.30810920853463 120.47854244096311 false
99.11365239023749 120.43184343515715 99.56637009402301 120.53483985474115 false
99.37085423708608 120.49279329663395 99.8194251665187 120.58370310901788 false
99.6229729299636 120.54627234717196 100.06767181779607 120.62563142942194 false
99.87040827574097 120.59273884914873 100.31150748029755 120.66114330372793 false
100.11355733643379 120.63266658266049 100.55132441172512 120.69074698172228 false
100.35280788636548 120.66652310101085 100.78752679733815 120.71495166025358 false
100.58855703354659 120.69477424269058 101.02051212857417 120.73427089084844 false
100.82119231043852 120.71789333430868 101.25068219268934 120.74920809705002 false
101.05110336393956 120.73634519260031 101.47843930236819 120.7602752122753 false
101.27867890430555 120.75060627739073 101.70418934680298 120.76797252685114 false
101.5043103997293 120.76114271528643 101.92833281738369 120.77281594405375 false
101.72838379089504 120.7684453808447 102.15127573300893 120.775291339478 false
101.95129124207608 120.77297868474268 102.37341788898821 120.77590841273363 false
102.17342029874813 120.77523105646205 102.59516369942867 120.77516076422162 false
102.39516498676221 120.77568456762047 102.81691109806204 120.77354571234171 false
102.61691541289554 120.77483116005972 103.03906457755922 120.77154542553903 false
102.83907100196073 120.77314780669417 103.26201667269042 120.76966232091662 false
103.0620221967265 120.77113884771101 103.48616362053922 120.7683714483047 false
103.28616609830793 120.76928819479535 103.71190555930387 120.76816300630506 false
183.76666516194345 109.94277273655905 142.0999993083553 109.94277273655905 false
0
